10000
350219	230382	221027	317926	5104
75243	428680	689673	981425	245606
212835	398317	751453	793627	258798
709265	459923	485611	451059	943907
614736	969004	603193	527975	197436
952718	154137	485119	221201	308414
921407	641329	770454	155954	259383
811754	283850	412693	99795	670511
905658	431666	136881	600277	717760
751634	490328	756373	93027	187654
173797	780744	677455	959825	80508
887089	174679	699386	165350	310579
532143	38518	588001	221651	686527
784285	642008	770071	762850	812543
555403	905052	633726	233110	277854
872668	-229	315661	73926	459978
758243	994208	723660	926441	887705
590911	958617	582109	446240	46176
757718	428436	265624	650234	197475
487062	59353	862722	982922	74726
840895	981191	357759	783543	345386
151110	439619	24954	568645	830865
722715	572166	704888	183030	142452
280657	682896	290254	590310	987481
376172	975576	323553	74192	989303
956692	333731	813831	623604	587592
786043	316171	702558	994017	692669
888755	227105	419954	55316	719446
287206	876524	808692	571008	96736
553691	369702	340050	42471	925429
964971	203586	862635	236104	135447
385506	481611	349539	676736	833916
101199	409129	650600	620558	629265
69422	938559	925571	721713	424813
902413	799096	322460	428902	241370
992961	168305	200577	120479	266720
815056	751744	250663	715342	639142
813714	682903	666295	450696	66793
85827	882025	429579	67984	821528
372934	18377	867113	698480	167875
425271	829723	641893	450105	364970
805679	326772	473457	666982	671478
98354	605923	7268	710823	835667
244421	622882	397780	421796	736487
358110	332683	521309	316881	611343
845778	139877	257131	888757	137768
466151	456663	810781	775924	162468
184139	403167	678877	359594	116381
507855	442030	866730	779599	862238
864504	240210	982492	540289	506717
126329	565989	91396	844840	527045
823133	711278	465387	64243	794116
483346	37461	241142	947684	200147
655243	14351	753843	935936	919229
905886	346540	127979	368312	496164
368603	794705	609100	257357	806862
398920	11919	428492	446572	75032
412008	251306	803835	242146	939178
162620	733142	75964	832955	114336
99084	805599	690946	171592	623621
11218	918485	660417	333015	91124
846605	222208	262898	897207	607086
39920	802687	929981	220309	505359
605413	905452	829212	665095	104128
504891	403624	220564	123779	46626
530207	996303	129599	671371	411939
711506	86598	562897	9504	331566
623780	240081	106996	90133	976670
36612	613684	524588	552720	639655
761421	585864	83493	929604	315269
657028	519578	456106	692732	207220
502826	644789	157604	728837	603905
723552	823393	571915	540272	863090
190457	495085	284176	948316	835275
201717	145486	484525	896406	774291
293698	288698	309832	392081	534310
641294	172161	65959	654725	437049
754955	564773	989967	599827	691865
831386	222344	262762	782476	127518
470372	308811	896694	933347	974043
69154	306046	911886	237838	508495
693930	689201	610008	605855	182951
246845	407459	102940	493077	108278
707768	383367	839352	279472	162478
824846	692900	257207	204323	12684
529074	189702	8260	652981	186765
502693	62387	85325	1807	142903
518875	510390	614938	9895	462393
831704	6685	803293	10776	781752
587515	793669	676864	796004	81068
991388	803325	629797	877320	70167
952152	358028	268720	394658	197568
970329	873926	501116	464623	394707
270585	530169	658271	569842	93196
64572	368313	307370	678570	385950
71310	584130	85668	61766	915158
512359	844777	530150	69490	887141
152374	996358	787496	492236	659321
184347	422581	470869	886167	422972
855765	155868	899834	590726	65056
365884	869413	929961	271054	271824
359412	350244	216071	5219	213067
422186	542980	223914	984899	506310
991599	58882	590397	101074	311864
38658	795829	689669	707024	680780
462887	306229	323224	266034	911014
40818	501079	952611	471869	18181
842716	633840	161418	676733	254482
140779	289426	800226	158869	255079
114520	404313	870547	795661	262901
561362	234473	926543	356330	411504
256835	704176	135105	622928	365156
776670	861058	261234	855922	311676
327771	323212	609213	874886	568866
797327	468083	695817	292500	311649
471	19623	932083	831502	487361
958222	463485	487444	572280	383045
205440	134752	544504	671499	554407
444224	84806	374000	120717	702371
488175	850636	915685	798841	336067
368137	794595	74538	972667	889481
272720	536376	283294	569594	259924
279664	262402	761039	153862	754164
756892	111752	403182	308426	749715
330668	525632	225385	323801	635489
909396	357249	491955	948127	167725
382967	110509	402153	161606	424343
97358	767688	399716	269795	925816
707153	596545	181446	365404	799384
714145	267114	60433	380742	151911
670170	875691	538960	856560	296717
831598	290478	588504	445225	19834
889249	368219	356723	168740	698700
487976	361865	122812	878809	753543
169489	702534	865020	940666	327697
619702	491597	117546	56006	628002
670502	517176	380412	47352	619114
112448	283248	65977	174064	137796
244714	490469	95495	615251	536386
784962	447821	474084	499149	5627
392651	271438	72362	95814	401512
834005	130756	205436	63858	820739
542030	492743	470988	37926	826777
633917	28103	783743	329005	51709
349992	494572	240585	280020	867871
848983	348562	244993	149858	670253
735200	338363	101210	857865	117287
797426	797140	486497	79240	327289
926903	444274	126793	157212	296364
767467	132810	604173	93056	525441
327420	244837	286628	314766	109953
793507	642670	201512	303872	783503
802819	227727	770079	233314	244785
956337	202816	500479	907666	887757
572082	743246	309185	796021	361791
653910	120202	726649	479145	831347
630884	680021	954558	534505	499398
258078	606887	326149	253345	521990
987364	594915	114772	176963	254575
224699	821437	161087	397059	755326
958562	254992	964761	850297	677598
443901	885900	142164	312179	967430
755422	966289	923613	211696	623214
892486	596499	71348	580900	506591
740244	615241	18277	47239	180044
504526	642834	747584	697884	290156
736239	996482	742731	500256	568046
267546	292125	212227	611161	716997
254629	809713	49850	284780	788312
454835	586028	633159	200805	100546
900603	527977	492919	299039	120771
888410	482457	286220	345146	645238
17773	343210	156245	155163	138857
444069	25671	105773	471760	113339
141769	323804	272949	71481	917107
724773	118474	734093	378027	326917
775069	305679	179141	757607	922039
819800	384319	219508	916049	318352
286192	433265	640221	486461	525100
240351	22108	643111	497781	356154
877200	938644	363939	344781	309963
167793	475228	610078	507562	242411
846126	572198	775146	995263	640285
486873	59324	406839	431559	839892
686479	736598	471210	685248	114112
61618	798137	919794	232045	473081
484211	606586	353117	44905	497947
567558	271945	305300	124808	725286
182534	545932	886545	983021	217972
615760	742223	197494	157918	632366
80658	639621	415344	904244	750511
434039	367362	559911	598154	331990
69824	514229	819354	101209	986863
123534	267504	482662	256293	26513
308325	805870	788653	479616	222725
732149	646840	702333	532982	479523
54082	304542	575353	564899	907774
307651	907897	338466	332461	427717
508619	730417	546848	628102	230723
607330	198711	137595	43132	635244
399447	810479	31444	531318	839315
116868	612823	356566	517303	774645
683024	642588	930173	92407	152463
54590	683686	895824	572250	277804
692732	902751	42641	747615	164535
193581	885380	986110	280059	318108
658274	184919	684484	148431	491021
103356	316573	801366	52171	608141
526893	499302	73095	589056	554486
731949	774869	524223	940748	869660
932279	802679	946285	891633	714360
57554	753282	374047	804660	613778
144657	776302	11330	231990	597713
569119	769720	19731	699748	956064
80446	225425	371232	55228	655244
849177	830342	207630	854123	362430
385199	91603	85587	451065	797395
839672	640982	647973	630430	993800
577233	270644	504002	726372	903336
995446	5460	241627	978071	603627
732573	938113	817950	777868	950478
971118	201079	375663	205198	840803
189683	912133	749378	453022	101926
803650	851534	735440	413124	91823
78667	263189	859336	265969	603735
299799	593719	433787	144789	734524
848182	638434	827142	636729	815398
371087	235641	37697	100618	224891
496926	358896	794446	281150	877979
842635	427801	663428	597510	399922
947735	573111	832724	204315	535872
753714	545840	900067	397886	553366
700900	741719	425566	499586	733563
219916	844565	686948	570016	198625
984352	945942	790912	976472	205696
174616	936726	223784	320614	630607
220682	681651	600390	33869	888161
671859	285953	878692	173995	648343
238563	163062	315252	167883	264987
548003	770551	273197	972665	953612
338933	413722	560466	43783	98643
725621	1571	256783	270372	314938
859891	687382	178321	327452	787124
195025	819519	494096	599371	17
19752	776381	83622	825005	682731
790729	784890	901994	129491	385446
855281	267381	763718	852209	376125
211475	731732	614635	124753	845665
113931	208406	945135	856055	375110
417866	41572	690289	594236	395568
516192	855879	201811	440337	496754
466699	284550	212165	875484	554569
518530	84696	255390	909084	513306
825649	477666	5968	53675	569250
564922	445604	414884	50602	993255
465684	941017	809920	961176	130900
457598	285099	742163	339735	566993
453903	231271	519589	482468	707610
878175	823440	253731	664862	861523
557795	603585	590453	634468	934922
389849	263135	304034	565102	264053
422841	294533	720674	329423	3671
640131	325187	966170	723048	521904
887360	131914	949998	514167	368700
470315	625866	988276	73889	275052
904937	359745	105371	877285	632331
987694	821105	741598	559113	162082
727703	974876	646316	7145	747401
746476	662897	293297	918770	99632
409197	233394	649948	751347	212324
511892	752888	881750	465527	116700
751866	862016	964570	974568	541940
161764	361673	84648	379851	470796
874651	478824	879758	43823	603430
219056	190310	25260	104844	855064
229150	605608	151377	778615	773207
853688	258296	277315	602266	694504
851163	63592	949233	691792	877413
589075	109606	921462	29566	460992
495087	871158	606504	498383	875437
327832	691422	320299	818430	638530
22709	440987	540390	383905	889965
573796	979774	422556	214873	68184
71727	315409	605539	528893	226683
223066	736535	898776	325107	190218
27441	405720	648211	795553	560570
982597	754245	830303	865263	310424
339368	758864	170748	294555	983253
841375	573688	428672	802112	498433
462804	260530	743811	774024	159323
545145	28166	743140	479979	916094
703153	949305	160331	166163	617468
54947	853451	417617	187909	66942
522302	178084	751909	457458	992912
7401	899700	994628	594790	353225
780842	901907	870168	296732	685239
735911	253194	323540	63003	355211
138241	602412	109553	282549	588412
149349	387753	642593	172167	298333
16761	653541	333514	691884	722344
775759	268278	896528	829950	897070
730344	720363	158528	326323	861857
438809	381376	570750	926051	312437
4669	99719	475257	46810	203454
566851	224146	337307	924447	872113
818457	406192	869801	360992	190210
720731	277149	43878	40527	298050
764134	622170	107707	54109	401547
717753	77090	396372	479562	329588
260232	659444	518619	323518	303446
502941	928522	39530	454710	311736
718920	820839	444181	995968	484993
906573	971873	117304	682772	839260
929852	435015	373594	695763	909553
107307	579870	372359	298340	630225
148435	850626	224120	48686	255152
169930	13709	153002	75485	623327
110711	848658	611754	475507	988671
471943	40735	985855	97221	858828
760522	860751	966493	755641	408692
447072	744483	676239	683066	267241
204793	826242	380247	107620	881803
323927	33246	332371	778669	607088
166735	634288	16500	466682	986794
853583	556834	876931	143556	799822
444820	207047	149635	437809	908485
320806	945618	959259	664132	9383
690603	695430	321849	219237	805084
808004	10362	254591	770526	43575
600406	304123	330928	10290	28719
105021	158729	122159	215291	612765
133462	814470	132499	876278	49587
986273	972829	897049	626990	45424
784343	863327	973287	283421	988008
829321	386137	263627	848034	316177
722350	94689	854761	632635	964084
241003	595823	634583	417902	547057
127376	422258	143574	341737	52440
360159	587567	728676	368539	968841
97365	345899	614480	104184	532145
658501	885737	618986	677176	948153
321256	305132	223905	602812	423795
54282	458061	231927	798481	629059
40490	185327	869650	100705	110210
157257	783634	788847	888201	427718
639384	732930	812556	-210	105765
710362	338675	245712	133842	581519
161952	986277	995940	756046	880512
903183	659117	98732	89211	680269
623898	915542	599705	905111	307810
555406	273720	158643	178094	960345
262870	623754	846751	281766	633137
854525	170360	655910	646205	950204
427677	977868	960256	545695	829732
317068	712267	788912	265260	394176
754290	415450	785260	901745	368408
490320	399971	197294	654372	986962
610687	853532	527514	856741	948205
661721	401296	576708	862645	466541
138280	408012	274985	687930	316549
523292	998088	459026	98585	735859
697752	533603	930564	827029	576813
400491	353030	894873	174589	737092
331998	354378	26331	944872	841319
881950	589356	962815	163162	362348
130403	334646	987590	730842	312450
970486	730871	760176	548205	483456
257831	893471	812550	803641	667538
663741	60794	360671	44359	608985
432176	86979	967643	888672	361899
816384	725474	115342	591630	757497
422345	707873	379769	719521	130346
41252	934795	748396	724160	907429
697716	890758	764758	183616	709233
191263	151769	241271	518534	769925
526957	742977	26189	294836	785993
269212	681910	799438	369415	632551
381029	242015	909839	509298	822624
746688	523193	857937	991838	126115
397305	111314	20220	965345	393550
472244	402333	176108	115057	600060
866859	767773	434872	486285	553325
259392	81378	266040	363051	163868
569224	18633	976273	937988	926929
391388	464567	624985	211932	668179
8570	66184	293086	430204	170765
972429	978816	759104	967843	350516
220090	449071	101245	80926	893428
547649	940434	692896	415330	891459
740006	939606	760716	164574	162242
875511	242156	41784	651161	481738
588243	308944	96700	375417	65791
660007	449815	706245	513546	421990
416412	45153	827975	432288	834944
493878	555699	25805	5662	70055
277140	123388	369026	131303	46238
674569	981136	663621	972039	41071
794365	877960	702337	831919	497104
548222	413579	354362	581176	563899
4614	912196	719896	683328	768624
77425	512961	793279	886013	648367
486686	360590	822948	984524	192805
4715	819738	102636	152951	507138
51993	124650	221260	692125	650519
187566	401512	255840	860810	532431
363692	911614	17439	305903	182035
195387	158949	268186	890811	142755
545011	238554	168272	111457	692227
56877	367130	384082	283710	126147
511293	849442	808288	833286	529936
777536	185710	74517	945138	109679
745904	723254	547574	768474	624648
566557	109170	184502	737207	357576
195237	675535	492010	558341	861963
693355	354874	641992	861812	489825
276026	214852	178997	517111	433748
162061	520649	528971	584985	346260
790193	919917	182804	59857	856976
773280	569677	613837	649429	860748
196023	76204	92113	469316	410263
299790	868982	533386	222429	628305
6444	235394	636572	904735	174853
702446	976884	647313	710482	491691
909354	317497	449374	810644	370368
278523	250932	188247	579352	322368
542652	777890	784636	540324	435738
78940	685313	160181	614159	979612
980618	976558	303316	685104	95708
186206	73266	649725	566181	840937
611922	393850	260692	922375	925716
231465	635274	842925	572284	354681
451399	583376	696729	170190	110420
634253	173648	753291	239676	738537
35761	362076	917619	275012	736029
131249	69432	107361	78832	160303
559929	532450	663415	650702	564571
79010	356684	390436	656189	739261
847116	753342	632683	972147	77397
11184	746587	203441	311436	701898
259538	824021	332347	913047	342262
258712	125091	433527	997580	377823
564863	517731	725045	190893	496355
560874	922342	653554	309980	905942
320728	961232	827170	732452	112190
400415	502671	353312	174864	960218
702115	807152	704795	673506	499779
618202	772351	840609	132816	847852
491762	513402	470608	921250	313674
664264	187627	640554	912814	713806
103542	450513	990772	259618	719034
199672	3648	573322	827351	47212
307147	277798	15551	416032	774549
731953	106677	26660	627454	278200
402079	843294	764000	608074	333593
836117	192016	966641	685719	178498
107436	586448	14751	24884	938161
543602	630207	287443	757360	3046
656818	503200	259254	761089	453441
920318	574429	835870	878528	470005
522680	781274	250750	168238	30359
331073	889317	350975	33956	412949
191215	571034	7800	356209	606734
527035	346418	429777	329551	490145
320092	321601	73720	191671	338210
145857	876455	189722	106627	533606
960302	279083	829097	487958	818726
20707	20905	372575	729931	261396
420625	857668	873706	105584	378681
480694	364114	219880	393644	872288
515892	610226	10932	524510	771183
662764	923350	719315	288573	700137
382682	856539	248229	848575	860044
132376	2047	531620	659796	907878
128555	254495	802567	292514	170446
518521	543095	21183	215904	266319
690020	717051	776536	321540	820944
187738	695687	187908	461290	184092
102795	259245	889714	99472	964715
50153	381849	737691	137324	137557
169791	434421	961188	643364	509063
815475	361750	110644	792957	127809
644028	176923	164644	193095	916622
485629	292733	310137	728755	757588
10892	377158	634609	177786	812329
212890	763191	354266	357061	454783
749201	982590	223916	108744	659154
339192	229555	838154	66291	753010
113629	26698	698015	586502	236321
497620	687476	280934	177296	721624
337250	784705	7140	160323	971772
932898	17998	684421	17383	206347
371003	515537	624161	948321	159831
943372	751975	569184	486236	138068
787795	160006	31436	147617	936194
381341	560230	952364	666724	261348
474268	844421	224711	551854	466432
878233	809442	482910	299128	367605
975152	794389	276239	979607	574953
781408	472892	40175	57187	563177
127657	115734	311813	896945	690593
818692	877778	851566	287782	794882
193287	112599	603792	334635	833607
935959	98736	39050	361760	298958
395967	391826	294891	605904	899691
857046	38235	912361	609378	418602
702156	568656	528880	330088	821618
29528	659653	419298	350191	839600
69141	627264	459259	990147	338291
220222	46695	548389	727233	598752
31552	875244	746500	162316	531558
491608	669964	779467	134653	464881
724046	870491	805665	648917	276298
239253	247373	331325	858855	557111
952726	204802	322977	584765	301120
986681	936629	919069	248660	889846
406733	778664	975312	604924	876794
510833	48793	261754	200442	389488
472429	108963	518931	758186	470513
938737	799095	413131	319748	692452
518126	488035	611812	386833	686468
278222	41118	368170	269098	484405
320750	584747	358993	64207	806049
720007	769119	431404	267922	625561
444040	970669	777676	983652	72340
857683	289216	424612	533121	789190
630632	762829	7864	236681	200928
976007	118881	170285	861313	237033
758958	84301	256847	995003	789895
449170	635428	979249	678439	784607
329276	551120	202760	301044	271792
690456	132148	803155	728686	126552
295331	584455	808804	300619	372260
346477	394805	718277	877981	601228
974212	567161	213465	792590	868674
836353	269995	321703	823692	550469
566803	222381	563510	882188	270245
70138	429451	445104	452714	396309
240782	734039	152807	567702	724738
498171	149328	847596	800007	754922
785476	246101	62888	116419	651579
288624	148417	504397	651844	594652
503300	146033	574227	361415	349474
483784	20525	694351	292051	609664
593897	264335	41457	128736	465681
723327	129387	727825	61571	245136
96740	27087	26497	869691	932923
979001	202494	100398	642150	100317
438892	743109	258018	145436	670927
271443	495922	885821	442583	772324
590309	537062	281714	578727	686488
835753	63079	211634	457436	733894
449621	542573	262541	174764	911318
338812	700528	657557	671995	735025
425603	347732	364401	141937	282026
615665	903744	299888	253024	549847
277519	62377	275446	381657	619666
231833	214620	746386	717950	686236
384888	707641	655588	822214	316471
755574	65995	367101	878816	60364
95558	561812	156033	88928	532123
238594	547365	87388	241432	50881
829444	368222	257949	38732	304012
927679	879161	729692	155138	801590
20655	793739	726741	928014	743383
824585	549409	866664	311681	669669
846203	780193	393413	574612	568535
883338	524040	29270	749088	281200
401025	166874	722728	469636	909619
623104	57100	663743	461027	46848
248894	771779	2554	682500	370547
638756	94313	112639	547986	549325
760966	215228	864537	324131	665814
33536	939898	833388	601544	487206
235531	163912	312584	291767	428518
318600	479800	932744	837962	437617
761225	65855	594757	985884	948445
836274	655826	62145	677508	856277
320647	437055	436457	310932	894175
665920	482502	963104	237529	705412
5131	640954	748255	448609	398163
518826	691409	305773	812082	640512
37497	592649	812307	602568	302992
88141	217066	615505	686003	492878
505421	162837	794571	497660	536403
917965	551981	465631	591244	385552
869563	927971	428406	973123	904548
863262	459041	80167	186681	915684
443515	638351	665396	574880	42739
14419	41364	361820	728232	399608
971110	140318	206464	620220	843386
830049	743940	538175	249950	568139
41271	908516	380858	643837	430273
98573	186739	453865	678829	544024
115076	600498	29173	874681	591542
579274	-121	476189	761100	903191
943057	807649	469329	505001	199739
304680	132852	629707	755801	639003
364442	452407	590255	491243	519738
491082	584285	888182	643709	31156
779445	952322	229957	124315	416207
503161	246507	199399	45407	178309
612686	390220	11635	353185	912171
990712	307933	230728	682512	92141
914858	21937	886839	400457	887575
358248	802164	846909	391245	516920
34528	113817	7471	685467	471541
170291	959937	200398	793877	400629
198189	779924	734878	481647	439399
395557	773209	627004	710799	565077
109529	782315	365090	523266	693310
422242	703695	823390	593106	511529
654179	346552	910312	522133	403742
63048	288710	258540	751720	146848
27290	472580	536641	142478	944612
956036	198067	26951	334878	475649
119717	337462	937585	332793	675907
907769	902174	665643	448560	574249
955866	805459	468417	619251	429209
845596	632311	628013	327199	712716
223193	356840	778701	686289	768257
436258	115237	941754	589333	38525
707565	274857	151075	823819	239829
245859	478932	171630	795906	731269
51692	813672	482907	963325	700832
866028	326355	340807	751835	34485
424341	950867	227943	68377	287129
85317	401638	188463	796084	889249
808367	227844	353629	901306	871544
661060	554318	791180	182621	22783
122080	574069	512609	106312	311362
367221	417861	496580	596955	908046
308649	897152	534940	248330	618827
551816	230260	695932	270341	601256
529833	303639	414064	798052	981958
801957	659774	283430	655557	396289
979026	334067	333464	548188	111632
692747	945288	722185	137528	959475
205408	675772	960495	117334	896241
564443	579191	392038	932738	913319
281157	915711	811014	929774	313217
400523	785804	43993	414781	604456
528647	954062	679604	888275	235935
568450	899386	129054	974161	458210
678023	389542	953576	284044	14585
806195	664974	828367	368941	36568
992734	54623	309286	49768	832140
194212	541726	723474	321544	672731
742709	445251	433192	703164	240500
323102	105672	954901	350492	740581
130898	236789	451166	713967	708408
446520	40154	8563	456727	659369
887359	909422	393926	519768	666063
686747	819607	7850	775296	162792
614652	861196	552854	227603	869468
514278	595564	527612	606426	698080
432445	696507	204920	819170	825915
344475	82006	507537	186955	989364
34173	623849	364135	645404	633966
948893	775096	653969	740664	392558
14255	474997	248221	297859	364667
49417	976458	225106	500066	60707
703246	822832	4993	209701	730645
335990	557776	589880	154897	64649
743616	116468	187726	641487	518388
176901	36217	644345	311425	647687
699632	638233	208131	547337	271103
877634	788621	363845	746347	317593
257381	794036	846708	77586	236378
227639	173372	363023	175253	687145
325537	406294	90780	441367	270762
758644	560948	943721	867657	560891
830699	611089	779659	622691	692376
613978	861660	342028	317962	447131
727307	786187	515663	480064	472473
676633	524379	834692	414544	532904
287917	401845	621309	444578	975517
296304	850635	667522	211138	365010
455062	373635	694370	342704	818308
361312	168890	303673	933899	170076
860801	148543	251461	349017	604695
447805	608698	638067	929738	153639
618692	354973	463517	780938	32874
448722	49509	777736	759499	80689
775447	923484	416134	218753	408536
825765	268951	723612	492364	553495
613395	947025	645332	685929	142301
628256	202567	268255	507125	908366
560348	185635	726305	730141	609944
252400	949060	834742	750953	79308
651627	957701	86904	466607	778336
838613	529927	725094	756591	993020
196246	972306	966622	713304	314336
375937	336155	595282	927283	498586
463112	281809	307062	887914	609437
285117	773365	628908	209791	475482
714413	947044	633837	136831	235684
662864	588319	838803	929716	137040
65788	75013	152155	420179	205740
546998	728285	78270	920537	290369
882545	116050	142279	372966	724940
778623	470415	914870	518251	995949
862635	728791	291912	722008	95408
111281	230610	763273	666611	251952
681205	805939	288261	702285	562747
445872	588829	804231	535903	986338
850301	40939	296797	466651	925282
130480	113641	315298	311843	486908
812486	681535	859397	337248	776311
598120	517203	671144	593318	727561
548056	780446	886904	195158	419361
95666	296950	735419	79279	600886
779038	707973	759304	311269	187471
212192	134257	577253	574055	368942
272735	489760	85777	857627	860262
780460	401333	676475	914517	276047
256482	925335	465570	117065	749547
668466	541863	793993	608538	157590
330218	463786	306920	155664	726969
291296	328597	873887	389824	809151
127131	416403	659809	342476	925980
991612	881845	656030	505555	392965
649820	126842	987777	602725	824338
86595	815636	280582	54533	853623
536304	830894	425216	826465	842904
87973	739186	29055	439085	250655
338666	689780	677705	433312	803115
369590	627275	42386	730528	206255
582718	836323	863206	293909	527603
206324	796800	344771	324671	881547
166090	882200	319121	907816	924319
322542	649550	100251	326252	156619
338224	201592	313239	207652	103808
81135	801463	627359	630378	858223
655087	449364	675327	604600	499151
558945	54027	172525	481760	7280
600973	692311	124792	198518	515548
509840	683480	826491	300474	875631
252914	459224	298972	375489	651600
275464	94688	219666	9259	671886
431803	880914	829386	409490	484164
905490	370161	498876	510575	730046
820	297617	581752	871613	415418
958603	730310	608542	884877	388199
19847	81831	976921	405665	128056
423074	990893	-79	43556	456882
891795	578943	187721	25644	225331
919732	725714	569656	185663	602683
864885	576199	5888	524219	853549
497961	476613	196924	555875	159226
815817	547218	870914	629464	456710
654031	223363	35294	573748	301446
490043	547489	647686	20011	570113
411075	512571	638371	870999	39812
189039	579622	877661	521978	815429
390885	495282	862720	319772	605551
429205	616090	888213	554151	722837
868102	473144	735631	390423	711946
820300	319367	953309	614689	190874
513002	349457	910285	418905	222564
687391	54905	374154	725059	207761
638381	254353	609827	916849	735835
568468	485829	466271	515838	341773
361298	518493	615055	428554	777565
592436	292465	942350	161557	172716
699137	514535	668771	155085	667222
670150	370636	198634	659930	876571
491384	423116	888327	883095	430252
531659	47078	19833	104244	160870
481055	618859	892785	782910	125454
304621	884827	459772	547995	253093
564488	838582	489948	509316	464200
738316	988454	766641	383218	564046
581449	587630	30658	68072	709224
200961	552777	355788	510122	727559
539083	650902	661468	47290	656542
666459	605754	105163	319985	618241
335552	790085	739985	108682	795305
457737	566843	375950	704689	264980
273289	834850	584328	213065	778765
811543	835950	65450	941874	338375
418996	273349	43705	895821	646682
567219	683618	690346	675367	111643
856384	872406	938611	312287	762333
867695	353703	85878	586943	408742
212711	902968	113894	243316	52781
356901	158116	204896	84674	261958
45993	916266	501454	439202	30468
559214	580885	994844	923810	423460
835819	12642	47309	948685	341862
16014	426124	958651	677521	118504
561237	736118	211617	494307	158874
11052	22710	461296	120455	971854
821566	446149	905415	391360	375154
18804	218105	348650	3160	690229
458728	765123	136807	595101	111349
471333	3487	430465	915776	935695
831913	21658	496052	517811	235552
322034	542268	268900	215318	464536
412432	86166	365163	479933	492698
174863	350460	936549	989143	223132
595867	724515	889346	900799	938361
638699	485511	629676	720656	381503
305184	213828	156494	366997	206766
256198	489169	223686	284366	108737
740622	463615	659129	173637	163025
571020	72285	308984	880047	807720
583641	437932	218603	103591	212129
605747	342370	967462	450372	487552
492093	815330	318059	909928	887908
331201	734003	474849	153017	630468
582469	916684	613566	461681	650136
437602	229906	985253	25268	889350
545970	587688	336510	891193	23132
863939	738587	617052	798642	804424
183439	871991	515415	514746	77359
600183	387197	664379	373133	323800
788338	772003	906563	781740	277570
150368	799234	437696	612325	324716
94187	49089	326202	896284	611622
170915	382612	956412	934888	197363
557078	132488	145734	533326	868995
696946	474490	250530	519677	694211
485030	576136	506061	35321	453971
52727	73322	382932	813045	72697
790085	906636	639280	784826	689166
950045	35703	161981	209647	116405
889340	463832	347217	388882	889077
261587	409621	222691	11805	80951
438704	116849	727636	624840	450146
927431	427150	284978	721402	702042
647319	546211	147510	169868	852315
311294	317195	437448	330832	711585
534561	792334	212094	985680	897952
886714	371961	625062	818167	334480
496461	655072	997281	-225	335911
442010	993537	431087	557457	600972
484748	620784	49765	840190	25745
89646	949119	115352	23393	300558
893011	990921	109576	638826	586806
711614	736472	810749	867897	90236
225346	126100	836069	938326	250276
730174	997249	695662	656928	670341
345465	34374	68177	773051	467150
797326	372116	360256	235973	830997
102308	956590	813150	566760	956764
374246	797376	896750	483653	780949
258227	542451	386680	827372	675513
674466	453425	971606	332170	263846
657685	774116	395513	211218	921539
289569	902721	596576	594979	679174
807018	985835	870528	113962	981780
432013	192886	643661	421899	869746
818280	820169	535888	516353	825072
940460	169167	443448	545161	20198
716050	903573	854741	237016	799095
760672	655301	591509	590522	785724
396367	134941	954443	916893	137000
375127	428921	75985	160147	981908
926193	914599	29351	909896	850283
79700	518233	456022	437749	636633
7339	693554	368580	914069	364801
259077	570672	653580	661563	779304
714311	246793	589841	984005	978844
292654	345139	305827	632203	676790
249047	92476	592069	301908	6382
970064	174742	954526	494377	561202
819478	800413	102793	686382	579398
312871	871917	344737	156029	464403
376853	542761	773322	9113	194640
868548	920539	917350	786860	304521
209224	323265	876106	932302	768333
355361	635930	387796	185672	140518
978671	152348	29343	627858	663590
426882	185444	25605	714683	551307
534308	300222	898881	975623	175036
431643	158500	674	718340	584103
349367	143938	725127	647138	56693
812615	116997	879143	53112	278853
683137	138877	282890	751515	45794
515642	546213	80268	907645	524888
138997	218435	857018	149178	877159
247787	228463	323315	356188	995356
313368	609408	822284	432607	652908
69046	452394	830792	756014	653151
716839	689575	709497	567407	355900
70936	938954	262440	891554	719712
565114	228737	940360	303078	632594
249454	586762	810319	565638	693349
598103	709081	646803	857526	489158
848586	875074	423305	108387	228088
448361	521245	882668	597059	515087
36257	830273	663554	698036	580255
86525	555449	347799	369977	807573
284680	149316	88055	202597	61092
808611	524821	745097	861601	966154
463013	468668	178180	455603	237087
648069	353603	844344	257570	982948
746242	1659	37717	737199	477693
834312	247379	741983	516823	285178
403826	915159	367259	344250	187155
46269	91039	130347	717037	250765
320084	345132	848660	310618	199909
782830	363696	914073	768053	441697
865828	969659	760905	851326	33997
796449	38755	881375	384198	604445
972015	651015	425876	732874	367044
207811	152909	654280	76001	135812
468149	7403	978729	831126	541763
663335	615474	742227	113814	480894
782826	517487	94161	950647	582472
55980	962929	717540	959096	337020
164498	680266	240241	986428	998660
238416	384744	376176	845752	443933
385050	303581	17681	224958	-186
960105	867771	891913	610808	905442
474531	431128	279708	382355	45088
522891	565841	781954	604925	51032
990019	667624	427540	515219	184355
516063	744621	187562	701549	586321
421571	562232	121374	985928	851902
483249	653099	466329	893666	807706
352268	507500	671190	707531	270564
268598	125326	550081	431225	56393
656386	221466	381126	703677	415814
595209	480134	944954	741220	438889
768285	104005	985390	9017	184878
603077	32059	337427	633457	182465
985675	4157	740753	662725	175123
310134	407177	857694	401560	844262
692352	493198	974337	505381	94435
344616	807336	484080	332959	935755
94610	688925	393239	777835	155144
807926	900968	842591	534620	431957
537246	464300	244752	855321	102566
643690	834718	139384	612280	564739
525934	927699	888165	420293	229714
768224	20800	370858	478089	9940
154903	419024	438967	529182	420813
945047	663356	562934	66806	371756
55537	223085	42809	598365	98424
801355	850165	519942	861535	163275
972071	630255	404412	835578	861028
577524	348084	261063	290142	912526
86458	685397	777191	318286	503733
641937	237664	467804	360680	671463
243934	207583	714192	766344	205150
706293	739232	753021	220518	490784
456965	42033	522052	165665	838334
328963	227501	25433	846321	258855
908124	660620	769732	214441	664203
903717	936229	621324	460055	60495
907910	717445	288947	88781	752830
663851	494655	600112	974062	792143
837256	683621	982122	672684	758391
785071	369359	947818	833301	721597
875497	697595	252995	954932	808279
173165	61877	981738	658223	380466
455003	17154	911773	583426	101177
995422	175216	295736	779311	590515
473283	223444	319904	303363	371445
172965	858691	869089	615775	570297
895007	201946	375390	361041	670546
502468	598683	175458	804535	610891
782068	56191	167978	173393	896477
361247	115277	513571	52313	159993
345493	198072	918834	708502	400493
968523	121841	123584	470626	483321
162737	655489	816227	7189	697080
458855	554977	6195	495659	885311
649472	90490	24626	273542	644144
969529	930595	834219	310901	822034
678027	817990	55385	813706	638364
414547	497460	413557	851910	889781
6359	757115	397243	136409	276460
56351	494841	842263	545393	661193
469275	688858	747974	988002	566812
763425	652594	509832	733408	940907
408259	375098	757257	846237	681602
629311	177444	856646	445105	82267
979775	588189	63157	391573	8550
153664	174778	986820	70592	438692
51716	143942	756116	447759	255179
618653	814324	214924	768869	17952
421965	807548	615902	482038	880708
413959	355688	797653	508823	952129
290593	777492	819383	227902	286549
782965	181456	454708	245215	246328
493113	977033	893432	313609	521164
843172	742569	692865	895484	541471
839096	306861	335800	819298	853129
237186	270993	828884	847212	844509
891666	143172	418913	530054	358974
720445	320052	369318	953734	842272
69255	338871	671748	85262	130
695932	305597	605305	369367	470
555136	759982	175831	836559	986575
819130	117258	870692	350197	356632
878859	942487	427144	861436	617245
595095	460804	638582	626848	74008
474892	844554	958092	676506	93955
575939	875854	440301	622909	862419
600114	750220	443525	228572	758672
188408	470750	696324	458510	334012
639053	633720	289199	369584	800138
890593	695415	597259	837438	389678
195426	762947	244760	305626	178246
763452	840299	771802	727656	291998
657231	466254	213672	275154	500829
424178	791906	41368	391024	930074
659987	498348	5995	42652	812377
53378	982634	523870	453464	289967
838489	409532	319979	247985	387078
905646	13699	664763	357906	379112
458958	772133	783253	443809	782653
638889	590871	983242	682983	946827
170653	19016	169053	1930	316294
266020	169076	743797	107877	807500
326350	683481	856567	182305	128945
353897	242980	750165	511529	69739
414543	865161	166310	426416	617723
774175	683890	924773	324749	931718
13136	220598	425868	341654	842576
649688	101610	448271	583330	657895
281562	723201	505345	77485	585645
279079	425368	276556	508450	189482
363371	109443	349671	375994	569207
949017	145715	149958	9782	234760
87163	575180	245801	669747	480780
569191	778113	46564	617657	642854
210912	199486	976398	977953	452480
698893	924646	223180	623582	911234
862235	246547	149629	13576	751749
962709	379430	805149	833250	461553
724054	384336	124757	188913	20052
394518	726501	660395	179500	719940
307840	551142	884091	3440	413055
209969	477091	517968	760790	712094
661827	935409	667417	753639	666426
437707	178199	75475	943808	177856
204285	571608	828170	323534	575245
450332	825106	216061	216098	221741
275953	480308	314555	174046	767272
895918	761483	23954	979521	733208
270632	231114	88665	512676	477999
397894	393043	917968	344390	679835
84375	21924	847271	576088	960904
194441	428557	931642	832637	810732
872975	351777	18944	430066	628195
141734	323830	293652	517332	814515
622503	783273	843435	423382	330197
491713	209713	227199	56360	580063
762278	850439	20428	65736	683382
870320	517617	680726	843153	342412
309175	220268	976456	466060	478193
802936	8975	630051	984653	581602
40032	840032	596001	172006	274153
482367	409539	60752	677154	257456
23872	288990	447375	645716	437806
618809	670181	380726	176253	912147
843655	949033	146282	368433	501080
707503	499733	342051	963205	299671
792329	243299	877565	51230	996375
839200	80991	98814	895332	963311
619370	329116	569138	299659	452803
697161	830702	47521	137570	413867
551475	541441	468579	134673	307965
880013	529657	237496	262367	600859
838269	721633	869342	780655	334787
554096	96420	398387	514283	957909
416947	769342	810011	556106	129696
245630	366533	910792	253388	897260
690879	804750	395346	878214	610635
853859	628350	327478	166802	27465
509012	293488	725159	547672	78604
697446	904779	946481	874207	2780
392785	983782	105221	40076	402768
863899	940706	92549	153836	509633
992826	732472	442266	953973	337227
775056	174371	915594	503021	819224
596561	331245	769068	335922	377537
633557	527258	58670	206835	243826
207057	941397	887216	926825	801298
41073	843797	508817	221209	385811
688689	44598	843947	439586	323329
152735	457103	574843	344920	793896
782612	321935	401816	500203	488233
177420	699959	2931	339946	454635
562650	428819	829721	630581	139293
561245	645086	479239	398119	645257
394312	408699	570102	718309	538708
731786	489205	303272	129125	759875
410653	149802	73389	384728	629782
872093	800258	348118	935453	955954
981972	950200	651594	740376	589813
198714	64947	334897	592470	109893
849219	840875	832955	720547	515569
732041	431131	394019	619970	448421
121703	619055	283230	915221	537295
403704	213897	496718	593375	49483
782388	675824	894762	424828	672465
487440	14413	206874	28064	414966
454253	710896	660296	980508	19662
674443	829701	510813	792980	331026
607155	342114	312650	819129	938297
464371	699979	296911	868873	168476
566344	22935	733675	971982	28954
226468	861572	439063	341336	910377
423273	36862	886616	910965	390917
667817	439954	217967	430254	574070
888830	925143	132265	373696	344973
612621	524806	963966	787757	413433
382635	283138	259024	196004	745050
165727	545364	384053	172969	361747
176329	845532	288442	885428	694164
923167	833228	600875	821304	236573
545662	256680	913410	2187	794961
746993	161367	588330	17888	655471
265308	489607	314180	205136	864512
381489	256930	996636	143031	431536
407795	440950	942657	586028	330175
772482	70345	190367	570537	170398
386411	892806	539587	273427	744963
220642	634915	382316	311558	527632
804146	21367	56540	988277	725836
92040	47648	171324	220969	22446
77278	489793	548199	358737	390545
28146	73051	108259	501327	516723
88949	678950	802715	184855	585239
84641	52773	401092	671143	593598
381839	260922	591432	281104	866310
218424	770618	95990	727451	163222
711490	173983	862407	600735	37991
145153	451091	446212	505827	279579
736988	372129	887170	137503	859924
51540	305951	644246	372917	503582
203131	170484	749314	57143	860089
313972	724904	526613	534527	477808
182469	618459	637636	364176	847216
7691	61773	424473	229817	38824
845273	152686	458285	404028	763703
883943	145994	825388	317161	820267
126984	715358	187441	39165	694660
515796	334721	450136	841034	637540
649841	133225	955410	218222	11551
605359	403736	827721	567719	907655
607912	157162	950136	84605	587070
884595	792149	831667	251645	955438
547347	359434	191027	460326	588354
772405	776539	916671	80240	828530
515683	257304	113655	404449	593556
143578	332940	469622	301483	503357
64900	132854	596210	278561	880093
624950	232654	47266	415963	500506
462854	51449	323032	153928	95594
22297	195075	545198	706941	159090
815292	767530	443378	122303	813681
680214	203048	117829	275659	411655
384223	224387	357845	323564	717283
361223	871828	578818	595589	155188
279130	670231	194185	440731	918002
276712	254162	490125	103526	763827
856730	579037	998595	227610	543480
701932	334712	566115	781568	957573
845028	938701	929664	511272	108262
552361	923998	683042	476920	666407
954322	778524	626106	872049	931745
603463	891209	423485	702714	197982
134618	822266	501967	282816	531931
756270	83520	13750	529214	750720
798331	714191	566163	130069	517150
276885	376425	461274	488563	92016
650500	523258	511349	763291	837963
57838	945269	234900	341076	865514
162365	775661	844267	92617	204381
282236	190165	948513	232883	188133
204879	308728	652440	306774	621088
728663	408739	467153	10377	66737
160958	263571	872428	110026	774483
557920	347909	66793	918971	854276
346505	845323	259602	902859	507702
83466	993365	982695	215345	509926
619141	609627	833940	430993	551575
764048	676640	435543	339026	297177
488293	869199	140758	998190	664349
456239	134321	232324	179381	718102
268561	214176	936820	203307	852700
654191	143787	670450	908373	361054
955861	27703	8942	554086	605692
664282	187279	98327	474185	801606
670424	597856	292925	336798	30311
682541	652550	252693	689251	850556
820294	552320	39971	842191	281524
463268	589734	881993	219412	512508
112695	521739	463510	478767	269381
319402	241958	669062	570619	846990
135506	12072	339554	941198	428768
692207	491143	303102	467341	89879
658579	737644	620009	255533	288969
697897	994175	499434	549283	660621
548153	292542	872106	913859	542182
713533	791332	902613	45201	452326
541224	268278	597426	398228	155342
338354	670937	472564	841675	579336
844590	501309	612294	69562	789121
432640	744506	652782	303681	636511
903216	859162	926544	309193	518536
267596	737196	764136	596342	210347
164819	365938	210257	304669	649286
59596	946287	19770	529719	614178
376240	727280	828945	724151	615723
321378	831686	3573	975601	305731
791011	465815	587120	336432	211807
98562	76720	537990	546714	98830
75393	869482	599969	31721	613236
412077	695851	807256	124597	769623
340421	812745	870055	595359	22215
563789	559642	768743	96443	652718
338580	285955	808327	141698	978753
968731	757333	724475	196925	673536
557654	290535	485000	966221	146959
723084	681816	857925	742592	673408
441114	99342	180249	95925	144648
615732	947171	68028	331276	257078
680669	466394	269207	646054	201710
790923	994848	779743	167318	886992
274402	40017	773362	223366	641411
814699	923966	556773	977653	873937
369250	532187	558261	146056	182515
825456	758530	436826	359881	575032
364397	433545	533306	702634	785795
701448	461571	170635	733729	243800
443610	151750	164175	997157	821877
288932	466311	217023	552589	767628
841547	401856	546141	14032	949112
763475	61881	906418	699767	903153
551295	652468	525448	567049	562096
866226	128210	855619	502343	919432
904403	431247	862574	46324	194127
216498	411170	667187	716976	570360
768396	936499	352029	380818	854179
425923	496501	622057	617913	931028
657653	719470	750407	860058	548827
837023	294890	514324	518682	884513
334332	236202	344188	27021	747471
317871	895874	983769	9023	292397
296375	523301	200285	259551	971717
955515	519198	430076	859334	723489
501410	218554	142708	357965	834419
941239	165950	793954	184618	995477
219004	141684	640428	11651	400687
929938	762266	42430	82764	503726
562912	804235	399184	645573	326998
863295	191331	949953	103555	34719
368899	970452	788358	317515	615283
19033	355627	230640	917435	765736
292128	293518	108687	653159	713780
608610	185952	694783	364390	624547
388648	338576	947174	627097	745289
469020	631694	218447	781331	900197
572748	268311	451744	315599	686835
247609	526935	752261	922108	871030
292896	282485	639224	913626	216574
771339	888996	504282	845459	672588
112340	647736	276071	382141	92896
74799	228628	862779	657127	777016
516778	422695	999710	574053	825685
489259	807909	428317	194492	209755
990179	724724	157754	335495	522372
236706	256234	223789	781668	54686
255626	462565	422940	708463	737556
322282	905966	467341	766838	953624
963328	405936	200282	123238	632802
72985	426568	841798	532028	967170
508164	238983	445912	320080	193940
190125	51035	570900	85569	32591
211731	220497	229220	461812	280908
2337	82051	895716	30244	672718
449613	490558	187992	372426	954151
509630	775284	164271	217380	816262
609992	126874	794351	561847	800670
193700	560061	559143	300364	792815
222039	343504	532223	40890	410
560664	106207	758958	690713	652098
541103	496719	171234	508891	771301
499706	245527	564294	657474	515193
216377	212119	951638	737471	94620
265894	22520	690747	290484	753839
160228	567252	308724	214052	823558
827598	497833	8603	531122	843534
734339	117322	147337	386659	537254
360168	655265	542692	644986	526416
377919	968338	203719	576514	466549
994833	459669	95138	441763	176702
513045	564619	194995	376808	62737
54600	276818	514862	943877	311244
57889	435542	76277	574345	359918
877089	298387	162421	949883	406671
778840	431330	300502	81143	914409
989357	917587	46067	459567	88765
816360	827026	242384	168404	751013
334417	665719	175945	576657	399899
917044	140524	810011	630097	20044
856693	701113	736739	842078	301734
715978	469624	405980	741630	482002
701452	162891	143905	608512	215304
734755	410951	227359	107311	805400
702024	999526	251146	325748	84311
929802	10992	115021	12632	62766
175389	37467	669292	949928	882828
144913	747213	480853	580753	647991
343630	576406	488824	201895	913648
158568	254434	911766	365665	296653
401236	585017	763943	55396	933094
160227	165801	819266	278016	221542
375258	121581	708732	934488	164852
529800	268808	658860	317785	563061
870876	525526	859008	938839	335745
864724	625977	680064	475025	899084
296044	232681	899658	570463	63857
945164	44091	36454	899938	289925
698555	256657	235881	832263	369075
777476	460704	39321	412343	377702
911391	408172	953801	162492	598601
293815	72054	689510	194198	598194
473723	424921	534057	608883	423669
15973	293133	724612	162984	539759
519326	110539	449634	629383	117951
385057	666174	267127	252768	222930
343491	821446	119323	398975	321008
496803	273101	419820	443275	341446
341162	129181	228070	447028	262392
936455	451704	348242	696576	314313
41433	717829	14480	994449	874505
132025	582133	312152	49565	83382
280962	142538	157504	626280	405882
948518	124907	813829	673487	455968
662658	66331	723463	291509	395031
87599	863609	211104	502326	165426
600579	644101	841313	605045	331675
93871	285268	659737	885811	536613
371179	996005	616227	714516	176289
964489	985433	752983	768018	371165
331336	59665	818431	400081	855941
327598	835763	813609	76862	976025
185471	757997	500868	737446	370663
31026	496454	663703	842843	837085
215874	575860	622662	785586	81886
145759	761745	741334	16781	566669
448775	711472	171255	558172	847317
297997	329767	748930	547063	881279
85452	364826	861404	889408	864126
945717	729334	706582	741920	673695
476978	436194	789441	335722	193563
105223	538275	287061	17807	661750
184758	759298	951160	869714	565647
126165	426584	500060	758990	152964
413135	465738	576471	552896	313683
167689	874472	902063	718618	785652
427640	241023	30192	58811	266747
788343	24803	606103	850236	475880
733263	495119	576099	771499	266321
356485	32391	825330	710492	452666
710563	834665	96853	627754	798031
874590	260575	36629	511657	25055
508215	274924	720641	62164	475134
764788	188966	419076	604006	508023
148275	655848	508163	725651	393388
153063	576939	746265	291195	296609
816376	939463	191139	957773	7540
166092	861044	586643	432525	915220
497409	679288	67023	317656	977328
897265	506034	293652	957785	814581
51507	411504	787983	280826	56001
955936	862441	833160	415258	380954
592109	657153	576683	149134	323807
209014	275731	959149	658380	136886
125544	975874	315576	130489	109695
398251	939077	583678	320150	328479
551518	811821	971207	113466	199169
372989	923359	104097	190485	201619
256666	896712	200330	598585	200804
130404	460889	511303	460890	627575
940835	924377	115206	109339	893861
80020	988171	780044	886335	664769
198053	75840	521309	640363	646562
529706	785512	622807	854712	133196
941030	664173	833594	175799	742187
283086	385469	333835	165294	448667
412258	926291	991316	348695	235419
209716	50794	668893	745818	711604
454150	462579	11031	416837	954525
734203	930319	719624	864855	719306
504089	208410	973198	654084	340251
335390	660462	984296	344117	924363
112321	537994	500127	285696	204508
823019	247213	934916	67328	374557
886292	938872	455257	720730	877233
854387	300901	57972	281576	880621
499498	598600	669214	591484	325752
997332	316554	702480	49166	838541
93643	86198	611468	323005	869389
405988	498954	334618	312179	644794
424032	200355	337011	953488	566183
313014	301193	18545	202546	395520
976376	661244	584346	789828	939219
375904	464187	178860	305704	526352
415786	822258	496336	288731	149754
605754	705702	608000	54341	402188
70134	821480	197791	465697	706396
629063	703500	725733	676690	726444
82878	909301	476999	128217	632755
746397	298840	230546	2835	524135
2538	920124	35020	204324	135677
542606	261406	771555	635932	396090
75978	107710	343779	661549	202630
331520	263112	104837	561523	790910
305823	805938	24206	807105	681911
973816	227528	887511	199794	884203
386610	235777	779457	820752	99043
172082	890664	958054	96666	621726
862821	906796	859141	777562	498556
773650	192434	919591	426716	845184
365348	14576	594568	125989	520530
272394	269781	963376	346242	150575
458720	335942	776917	983373	850292
345859	608757	88335	510441	241145
921928	327708	737998	316977	648841
776987	496876	310250	434224	595650
722991	10147	830474	927035	903685
198439	421103	629821	782531	297482
134400	540145	554420	680397	854515
878211	212133	851044	267618	64300
282742	116544	386221	339935	483342
218921	869999	161471	695016	376784
975215	969832	332706	25722	748270
840229	897269	414234	565830	636920
78233	900297	385405	89936	262188
654379	152620	966265	808123	217659
439703	780409	238759	142790	648942
100703	116518	981395	761285	600265
741036	427731	506383	559257	639219
606121	738931	891386	744297	675174
708906	945116	480053	880577	274325
167498	1005	756376	341143	708686
604550	764732	191645	408966	770274
773699	208816	632608	523485	717448
682035	281039	950370	223564	627047
91996	508614	941868	759706	624254
624288	857546	341458	376475	12748
646824	361446	934886	981062	968360
274835	757697	24688	959245	387174
366371	971144	41991	852687	182613
295474	467030	514291	410717	671781
44742	996319	924366	47481	646892
759431	382045	214718	52098	485715
716212	123166	193576	745299	250335
589052	361313	426218	183880	753331
836017	999974	341416	961270	139649
999030	195310	485587	955817	256726
603672	49127	180587	874950	690969
993154	498058	314480	716797	406941
563631	563501	832197	320962	815424
739379	577817	71525	775319	228887
551044	44080	568275	210671	472463
660170	277022	229837	637326	795316
720153	971291	28872	355994	368587
664086	362979	298077	822226	603009
501823	364161	508764	656972	952596
12518	601660	271386	914140	844267
119449	848916	46643	532208	216800
50737	749870	600447	371307	787445
142011	460854	720034	395195	477723
997785	269055	316032	699897	870413
714446	860767	86483	492478	808616
772648	131054	910350	563873	197794
600197	721082	881196	916455	563423
91377	604993	539307	794309	200612
296814	704640	514660	739731	189635
361482	544150	62425	148906	821207
403501	103768	82547	487691	16537
590894	215543	994560	765829	328726
580218	556061	592105	524642	699750
592409	361533	384775	279946	734314
928140	736334	814241	974847	695513
925194	147463	720976	196085	425923
868576	877149	982298	822796	107245
243019	537636	637648	34806	251904
127365	476555	912386	65894	871450
339858	723069	962917	752692	882106
484785	600646	659794	77894	997060
402015	439544	146511	186872	709116
27671	343586	565755	241816	600202
48831	39090	564055	360207	209679
14015	657758	178158	501214	47506
153427	393450	200235	693162	77367
808959	770284	480339	212895	280020
554186	780374	254804	35346	545515
113360	893735	378592	871792	942887
21629	324540	556302	813235	386441
448741	488454	604264	145055	501517
830915	565678	981298	49954	850202
269491	799139	699873	728304	99732
697876	790716	630380	975441	211811
486088	376878	305156	411329	618739
914154	267629	101102	718358	909397
586089	708343	448591	191899	936447
180753	966874	828849	70839	913284
791777	135731	437159	540713	794304
979247	524870	650985	677305	739675
998972	418422	136727	664655	586015
806110	184354	204937	661688	877093
183230	430316	593957	331143	574359
325341	148445	982799	365488	367182
107526	174243	712271	370201	139577
30272	761799	685913	699369	142387
388310	151684	757559	517861	895799
726298	132470	812579	391317	683886
789442	592521	475410	784908	206919
142648	236849	842465	542998	489742
134120	703219	761808	383722	329404
317155	654587	431033	585687	814921
635075	134598	172087	250385	781677
674157	453330	640616	415455	781347
510427	191258	660699	600327	646113
401208	297355	773956	111049	966861
89787	130865	150946	82241	851168
271166	779224	644843	747786	178756
635903	54106	125398	403793	910626
87354	779944	722126	142773	164641
694859	538321	972200	247596	570676
201114	872718	315295	839342	202106
267024	535922	416714	841490	600120
505153	447087	494604	256189	773419
760072	33041	296676	393726	895902
776035	988261	854204	19798	693560
58173	581291	379292	148107	898007
800678	739085	639199	824579	761359
527871	259507	881074	995873	662261
876882	591664	553939	344681	959021
389076	820548	192144	697754	291188
340971	893972	250325	6836	182832
114219	254968	567335	232241	349780
56317	321763	499125	459619	975464
229061	779848	121343	732793	677745
900654	47696	170616	475161	828237
639497	208182	790378	604281	803245
443167	652643	262019	420626	389357
19232	186027	622203	146327	941727
551282	269047	981327	528913	600265
163497	919154	90629	35615	836259
593183	89780	432815	905232	45295
865946	914881	339156	530665	343523
75725	601090	908486	488848	963790
415965	242883	849079	939984	165300
161156	679402	469300	810332	509558
280137	562013	587080	765203	496524
941691	846180	242447	517300	761168
769144	643540	550866	162993	683248
679132	884513	174780	830687	205588
588217	79486	968343	76251	185519
198572	184421	42645	357992	241519
153648	509386	908660	355196	585662
531711	950494	240572	731599	991808
811087	17186	386062	653450	92598
447149	307642	899928	365034	749652
106775	987219	65663	433117	251176
336823	534920	632435	97444	780697
335293	794316	551112	118286	439919
156042	679680	599621	257086	255486
165738	829367	884128	835761	656050
826861	45530	636853	871293	633139
886055	241955	404153	301796	691871
208262	873664	860252	735283	347686
285217	850516	494494	923441	802223
922119	965204	202839	63957	970779
716816	155576	608016	599138	284181
868034	903754	65899	585007	308311
789429	164178	162107	654299	276461
370593	370704	681419	44891	139265
905049	226572	722984	328977	168561
822385	738604	384374	566563	911332
178340	22891	420090	456587	210281
271509	199185	516032	411574	193922
592234	488830	769001	537246	274929
598670	767396	756633	454424	920864
152968	172174	93887	324234	69043
206461	840978	340559	708364	664976
266030	586328	397052	646020	353407
479481	145658	456941	52375	805698
375291	193015	96367	803787	800022
895403	949821	251486	523235	433421
804471	193786	167366	429471	739273
153253	1810	679579	267536	959135
311791	737655	10407	176658	63742
466941	286198	109676	365234	803658
774087	181364	346178	428692	330423
27548	713029	328680	634475	697560
273256	695886	64446	505682	297545
3939	222602	440135	541581	418089
221510	486368	312636	655619	407189
539973	663299	195866	99489	232600
219541	704828	729433	949184	110421
873431	493158	841839	57478	790891
624769	627567	618446	13885	845058
859709	766766	17127	233861	502371
638795	346793	785358	57638	479044
528518	693653	643449	556503	73879
312780	143547	300984	22161	383510
752385	216994	260123	852038	904560
404617	474832	926170	636588	39055
248294	865673	134990	245746	812134
491967	211543	998593	282326	232889
784327	363207	744106	12440	800675
328936	318515	657476	211576	863867
756661	254786	602124	905323	530631
996056	217700	39367	123555	658545
453351	597021	442290	733699	84544
128236	999427	516688	755398	944572
959223	645282	869360	904032	273577
933867	964263	350970	967944	511991
670426	416973	829064	853154	513881
302405	553060	49634	138499	436920
156695	989338	320746	180799	938862
774954	378322	295322	785210	299837
567448	893401	825022	907927	295594
960783	114950	511702	516741	102919
817457	354382	474182	439018	591841
163694	799555	444385	134047	560354
947529	772171	954789	679023	962895
886018	647113	325431	688012	167791
415509	223180	687206	941245	895845
597737	979772	496170	189903	369328
757266	728911	327898	338902	2990
23353	207031	385115	149928	350952
304735	613584	79362	239089	431455
926944	994726	884082	282216	970473
958524	220959	355567	616311	676407
661616	923328	572695	409387	675267
380187	603737	377009	146126	196495
960730	95289	159213	607420	266023
143081	635129	378822	267889	211667
122077	335600	166246	507641	756156
369216	663279	133514	511682	127719
314090	142562	71638	887463	433681
577899	13722	519927	292312	196010
657909	833072	877971	447743	640817
974162	653397	459599	888935	669620
427612	286765	880259	43995	203656
286445	592701	381892	440234	131791
880984	807416	795216	50668	704786
627553	790953	542632	221960	548431
240776	844724	755109	438404	374804
553780	567886	645510	100928	61628
472052	132007	450795	39697	277663
503900	870044	583755	361328	180023
699210	142441	557862	655552	998309
29779	247925	109386	424177	83104
995119	116315	858102	127253	459
947040	444328	707742	674176	992353
933239	720061	920287	675959	151644
329869	576378	644709	607520	800842
750643	200959	717607	23793	687955
705506	833090	78718	286826	682789
767719	727491	962056	709244	335671
862246	427644	242693	376608	844803
401602	353166	772971	333402	229235
748645	830273	166650	869196	18647
91637	619812	690599	371039	773426
631550	371150	497117	465343	693777
261238	503826	950923	848923	465030
306876	294264	931218	823800	677174
388062	861358	180605	456640	186007
254166	378907	113683	366747	783614
511724	713051	927106	458378	883399
755548	973284	542200	564760	549649
502472	46387	598569	892870	47396
779805	929067	506657	342774	75416
170570	522220	701324	390671	366543
705600	38413	871160	195668	201276
673576	79649	555026	805791	56682
838581	604840	893760	995953	922909
627877	66555	420376	449529	604502
618488	491477	773305	899104	596674
671341	268532	416915	594086	506688
506844	60884	191396	729238	848637
326578	332744	91982	217804	926881
272749	16973	708203	618496	914940
15960	934299	846789	342909	368469
180525	198989	968773	652161	214941
794277	42216	684355	341187	387843
410285	715669	576499	714600	361573
48960	52177	306790	872228	11161
176394	192874	178259	380531	224193
945184	56829	873064	468877	578841
428586	838473	207484	482150	968551
738901	381308	215708	670382	404235
549527	895288	936401	638373	471972
580502	948038	825138	462953	404764
802498	261312	320808	516766	685612
501271	669204	190927	958544	128677
554372	474822	906428	697048	41255
347259	731950	565887	840851	903412
448516	696560	734547	942616	913927
733838	186664	920867	748411	887583
91025	402433	316365	709322	983510
173536	376555	744978	253742	120239
189251	260456	536321	718199	953173
526815	649106	942487	508958	90843
664547	75061	823184	375515	976358
641931	788200	584307	991320	334195
468260	772578	261259	880672	320657
885634	926593	362033	540005	18745
509717	111327	927647	844252	481420
103392	831028	475125	470308	194126
732740	957229	151360	416712	879718
751392	97609	713461	959125	649057
751900	955235	674166	958433	256116
340403	316966	991223	696226	721348
313979	438022	188535	379825	949481
434011	371741	285650	630680	994407
117158	565934	241561	562610	733462
831844	724632	344395	880017	318141
658641	34160	170905	189705	792328
18863	306310	121759	769495	947208
929521	730775	904228	346187	556423
574537	369742	518424	13217	93852
533967	453246	331146	359510	576050
987683	667614	898642	773244	702512
479362	304773	177938	120351	243696
460585	589897	757302	271890	159584
599282	93188	155085	218712	835091
656002	679118	875551	136648	637778
92488	287925	598275	221011	689101
174415	33744	143078	167247	884424
998065	786061	457079	272534	786252
912564	287856	156479	425945	741873
116578	677961	982748	194407	809073
342787	222570	748680	557449	810299
873254	349743	70378	387158	414854
680112	352773	960965	934974	214864
534757	716464	678749	289846	86596
731653	368111	323711	284645	641751
12245	415399	846286	504545	344143
437162	853667	150800	180102	262775
686407	548746	532943	8902	441277
241705	818843	35286	741284	911920
756782	684313	726878	282953	124217
898696	146491	54494	807532	633855
163030	932215	99400	760641	746906
598159	979143	273215	896892	428575
555998	72734	436395	74283	381914
628439	253965	670933	281211	696990
36854	231943	497932	158423	988495
501842	209258	987643	717684	596712
615654	406880	243425	931380	724079
686593	342128	583671	418161	418376
24893	572668	320049	416064	517902
55091	986902	630518	317533	145671
288448	977718	784058	64734	843746
165901	221179	740312	656567	188011
676147	329468	990481	755572	610682
595218	87047	825151	299033	106126
405266	28970	858068	189654	199940
591671	868661	186901	537539	949920
495063	496096	953107	841649	912903
384001	680211	765566	901941	10132
34942	386961	488784	829898	8095
372880	963720	326126	814321	846846
414783	145345	175187	797348	615140
505184	139213	656223	128653	20562
524637	896708	687917	208039	927703
44318	634051	721492	980846	53074
399971	510129	615603	751173	253080
381576	788032	365368	709225	965228
120404	94872	416934	861444	901790
976367	800532	368116	23533	49227
141983	399236	955944	171252	337087
322800	219223	875951	178769	836489
215497	744223	833654	706718	372249
951293	104845	181244	489916	215217
833412	845548	168714	849724	57018
171495	328652	549149	629415	115786
552627	912667	790918	670597	448861
362954	857531	891902	544212	204174
658742	541524	865822	613419	389282
270150	947645	677520	718154	552734
729029	98100	501549	655035	84878
688968	641149	787054	979914	483293
703306	624247	921990	545930	20771
793984	473509	20477	827293	578441
993575	147166	457983	97757	190592
677058	416451	182473	494057	968115
424665	781333	835693	484441	787886
257746	657736	405765	7535	5808
748794	538140	458741	76173	54525
974305	450170	55416	509935	85096
512623	296770	818293	808187	758267
610242	204846	174560	540362	826447
969353	279966	123281	216986	959250
10045	305376	583287	707450	382721
427291	181476	207770	513698	106683
952128	229731	828304	981484	419209
983411	403890	954380	862452	592207
630436	882432	75349	62799	805877
163174	686312	90209	751363	9206
621277	444828	450666	317884	430611
221524	352754	464073	393192	56672
694003	456943	985554	65217	962342
472488	916307	602227	51917	160113
980576	241692	876209	668878	771525
318689	945742	306876	218470	290508
339871	274379	982687	313299	176680
994984	125768	887301	138335	250471
785726	907685	458799	912485	329966
74030	573762	973418	305328	801208
489673	460834	257893	747028	627909
797310	695418	945405	823814	773973
825990	107412	240113	549452	256178
142996	130394	297764	688267	492072
389622	524848	923028	911036	681514
717943	393216	722835	762477	698012
735573	888833	829604	138705	988229
351238	919333	659303	598755	5559
922220	230119	872687	14151	370577
538777	721338	620292	568700	992226
276898	191454	293107	556620	366968
292394	613396	557527	153695	137162
387552	93085	173104	92929	879657
359557	896968	199992	722615	821471
223771	206994	972075	317494	383144
323900	746755	986329	176705	385785
189276	281264	225015	390239	996897
591908	294660	88271	162431	728196
816862	74806	431067	598397	808893
395237	269450	153082	980768	574664
948632	849394	432382	82039	791920
935175	688277	197930	323724	741348
494775	570880	166122	733622	945571
791110	301396	715217	516363	895704
465226	985818	458296	148483	535854
170065	85698	397433	388463	683072
75929	718066	860082	397641	232288
64101	776988	709553	100135	774903
558514	450435	547204	4141	895983
447344	109795	630455	441015	67298
550260	137280	607817	124856	84388
908627	364736	827265	156321	721804
865215	608187	710705	618152	769265
145669	884879	873826	873359	147456
359277	958172	760468	56424	216945
196185	514465	217806	682801	124635
978433	368719	672889	588836	832817
78176	465276	788209	14178	527949
248486	528802	95820	943308	436860
471542	92738	44428	681177	684285
67517	929036	248141	625215	498554
409940	26439	563288	671834	203163
394894	467837	782741	867179	675371
568045	-178	556796	343876	246339
996207	312789	289401	894658	898407
578234	396543	734197	617726	932271
53381	103971	17896	346260	815796
708082	548044	385154	515834	603459
425378	446848	285580	638626	584511
461931	221002	628312	676114	201390
166839	112741	904675	87382	487011
8030	519127	762289	775811	936796
990796	966777	925807	453991	566054
755947	113495	201054	140876	172892
491309	704579	939874	907652	613891
273478	322726	291373	632793	56060
634374	263261	79661	714328	789450
236484	893209	799280	878769	437256
40675	349172	920865	772792	419368
286023	237456	458607	994506	180956
580840	709045	291782	208443	171466
630522	293358	454475	531573	232184
58253	808707	48098	795013	897134
454059	951733	530606	823964	500125
991879	77015	263359	317771	854786
533953	167301	132340	201831	519087
597943	213648	209622	753766	257074
845347	55736	755723	961299	436152
899023	173086	52234	337441	766602
296241	878323	113120	67619	711293
456089	144284	656107	965466	969912
664791	120919	486744	455324	316940
323318	522603	848320	832229	541305
7244	788539	72170	363189	676418
563353	23828	76123	536968	875853
871197	639354	763043	991310	225157
695975	861374	471450	278825	964664
931411	194314	793724	158686	832562
186990	804780	461425	39575	685288
295742	698255	362678	253596	175315
125905	330101	135054	246944	787614
243587	826169	996639	318525	382768
978414	932891	748399	287161	631022
224992	21410	316643	400710	808982
175339	349950	227924	694016	973425
465222	940742	899065	686128	811452
27093	61522	128565	550966	493517
436501	711953	524052	24700	162015
973898	429927	953724	271737	752224
814814	292834	196492	15449	468395
126610	782122	322194	218211	661631
713690	914270	545150	361537	760238
922870	624743	249165	773802	737582
170331	146606	518764	670685	144334
513506	76243	379533	818729	387006
281085	191626	565718	569458	493755
69179	750684	875115	277154	709171
172307	594849	26579	363792	611590
936536	292426	718855	779197	869612
317334	95340	431387	78223	65414
450748	151977	910888	463489	19454
545730	973792	267470	182581	266526
186049	785471	103105	80951	431950
122320	216470	899246	523172	121609
251178	398461	355434	736537	668942
372778	418108	252198	806211	570558
705811	1348	619154	896820	606571
455783	794171	409726	328613	557323
879877	492591	306684	529721	195703
831616	909578	406490	448210	95721
400891	175945	768873	625949	600553
534557	595865	889183	470343	552763
910190	858425	835818	157532	121253
127424	399672	292809	872739	448858
65436	842658	689008	771233	746640
199933	444572	13360	377326	448018
699664	168084	854177	637134	718986
525753	287035	66323	967616	543981
495069	759982	207293	891794	179641
340249	764895	918702	758596	511104
58987	734966	50502	270941	922784
759404	778613	367431	473311	905777
347996	293351	873850	22787	432204
4585	38301	301772	100497	622665
773466	548362	984964	678114	635914
458271	108387	675574	370309	363887
484148	838806	281753	153615	655479
108714	609928	450863	264830	584017
169024	869397	160179	959612	142812
215626	639451	950999	232624	102656
803668	226423	333936	991926	23062
826381	341409	999420	7730	766141
360828	787360	27933	499535	971546
751012	992966	428134	877039	747445
593360	189559	33599	695778	497899
819320	807351	224165	621147	954024
285356	151330	997658	76694	228000
652086	27536	273821	19602	499556
580119	109813	718706	513797	546918
608487	971079	136974	296549	623176
635367	863000	473685	484944	731187
145034	140180	559755	590829	603362
242480	154473	629720	787246	322475
174720	755470	828742	324361	31195
417192	139701	578051	465132	441651
530610	954046	241253	812403	950808
628249	212409	213915	479888	394892
423117	56298	979953	380594	32871
570826	722274	24853	994077	151857
16222	838284	650352	929901	216009
189550	538858	818631	886367	154431
599472	193853	912129	649985	749522
447902	965711	483337	296363	978836
885688	623429	720264	904182	661182
312051	583543	618612	499936	839526
777414	903584	6996	388320	130213
782399	194046	58954	813806	724816
793347	283328	622748	61573	271165
591768	837582	527680	920447	455353
519540	753583	211270	901674	193083
674040	122311	346516	735217	964922
449008	45483	954453	889063	728892
490420	321277	414261	475904	783472
224254	591124	793586	185016	756944
398557	854889	763605	494356	195052
770296	97673	809847	405230	54472
657451	150210	741355	786711	297823
433803	646113	442151	775245	384303
509080	55687	378726	51380	549550
756494	338513	517302	408008	18280
14466	312595	524040	39875	458315
639931	581890	117629	712279	238421
870987	168891	422501	290755	899193
566482	39648	586014	27254	289797
418893	909375	988512	551233	665301
123301	747071	492269	665974	705736
595279	945027	181808	644606	192367
764884	945871	311410	861492	491211
734702	14879	933740	224808	882719
162371	474283	556520	604477	533732
107959	453444	15652	576017	141526
117072	833749	559961	100191	956445
613575	519584	117737	489624	722245
368556	365344	877089	801674	31680
489952	80137	310148	532346	893831
