10000
23763
90180
57621
91221
12575
71353
43553
45827
74750
40742
65845
75566
14791
62898
21124
66938
12548
76444
34539
52706
39154
37391
66846
39095
27598
58297
76352
31225
91784
51267
11699
7970
518
36308
27757
88586
27733
83835
95069
27406
63649
93077
32129
1182
32059
37409
35569
69094
93103
20047
86338
90933
9677
76555
73204
22173
43929
83524
32981
9840
87087
21225
90558
33459
3490
91669
7157
5254
17633
31640
42105
47615
30843
54206
75636
44241
88818
24006
49560
69403
47770
93862
54895
83779
90359
19263
45394
80359
30730
1404
85872
32008
17393
81376
44980
45225
39760
699
26244
96444
25910
37313
40760
4725
22565
54971
87109
50765
4524
20868
25062
55402
40900
31890
48463
61458
93572
51002
5150
317
17692
15350
8812
84134
90471
55649
31995
99270
29067
86188
29031
59426
7518
71210
39882
45113
31976
21870
88034
56642
32630
77633
6988
20966
39530
48364
25757
73154
73764
41971
66721
45234
98547
73853
7049
49569
85274
85185
93107
74879
49319
23825
8905
66104
653
11006
16444
7888
73836
70351
10867
49229
77742
88545
51004
19048
73916
76721
21544
30267
16171
10446
22480
18410
47787
45867
31233
57699
47463
2603
68384
29489
29269
17657
10923
65208
106
26600
2205
20332
72115
38109
9522
9408
79660
77068
34323
54045
5388
37993
10034
38864
53441
72043
436
49481
25178
20296
34203
41848
52963
73984
376
8844
86091
98679
32770
51613
84404
38620
1817
30862
18619
13428
8131
30015
96977
98785
10995
69881
44679
26096
66620
80649
33626
29907
4265
8551
15196
548
403
61129
40329
29590
30864
73163
29371
7921
42142
91944
24959
31669
65788
81078
562
83426
84629
47207
57108
77747
437
42990
63920
21737
12027
23068
3617
90278
48618
80654
67346
88381
56808
31183
13749
97687
64421
94471
5532
19946
15652
54581
9087
72068
60526
28850
12122
36714
31137
77468
34787
19899
69529
95413
67517
34389
53373
46870
13807
46395
95636
99530
71651
1010
7545
2610
47636
20680
41453
45045
77342
41910
36036
98238
12299
29291
61548
36484
46507
11919
93110
84369
14828
38811
79999
52616
82959
27463
329
73375
44759
40173
96490
56252
38801
29748
29193
41036
14454
95896
75697
71489
96136
88363
5446
24292
22568
74708
57811
9313
78622
72066
27085
73495
19109
10346
73867
53823
50523
21807
65869
76019
30212
17862
84274
8839
43024
84708
17526
88664
85364
60494
29490
84955
44383
81637
61664
35241
18931
19639
77540
40581
63200
97326
4398
72421
82815
99804
33630
88968
45868
4442
67770
80644
99131
3192
45580
91262
14581
26176
47766
96987
30054
64865
75116
74623
5441
4523
10510
17158
98952
63209
86892
98245
80706
94686
27774
6425
48817
21837
78777
74432
99625
52082
88808
3535
67594
89023
90362
20919
62148
52343
75541
23040
64237
70778
48471
20582
51908
62796
23148
39716
99570
43477
14855
75893
70230
3776
71190
72311
83779
27646
69589
28622
39533
36075
42307
25137
34914
10024
90548
48891
93351
47196
63863
87542
95332
3192
23394
25018
218
14279
17900
94984
20688
78832
30321
34670
28730
5062
95380
90004
3613
45548
5949
27930
37377
90308
96215
89109
51899
98108
97609
58106
31343
94991
28346
26639
89275
21839
4968
26981
79678
43856
30705
46960
11210
69368
35749
5924
96263
94488
23900
47115
91141
94225
84995
84226
28364
20311
25689
33584
-248
14556
10768
72227
96901
84358
76468
76198
41627
95872
98116
46774
71122
65316
38309
48360
84821
53094
8811
15125
72157
96058
59628
88758
58771
58639
26520
22605
60823
68581
66937
57360
99406
7662
55798
76645
43062
36502
43620
25791
99549
7331
9105
29425
60734
55875
94749
64214
40941
21632
16042
29691
75737
27619
79503
64432
22859
82056
69438
6015
44076
25119
93855
95902
40318
10869
44326
2197
14764
83050
71397
74147
30075
93059
7101
60418
72047
52459
1378
5395
31854
37423
14185
20956
41889
26488
92595
25864
38520
76010
59788
83991
59248
9211
99350
62770
23942
10275
43106
93981
65619
38353
6357
24961
5311
81844
9982
27837
8185
42729
43180
63762
18794
2582
85984
74549
13400
9442
42673
81605
96391
80808
81612
88605
96148
48232
45771
53152
93260
20777
78505
80175
49252
53861
57332
44222
50650
91859
90336
62726
7568
53408
18119
89098
20823
94360
76767
37183
20874
77535
21763
32299
73195
17771
55816
44585
77232
2110
98034
90225
97650
52064
58065
89882
36650
31528
7650
5676
66830
67200
83643
39493
75057
35891
68254
87580
41563
55161
43464
50980
92320
62551
11481
50690
94106
81380
25062
37714
31398
22113
12607
83721
61727
20230
54684
11273
86632
70940
28726
71554
99592
64143
37965
85445
62260
80377
86239
43911
46542
21031
26256
2267
38061
62238
77850
23206
99601
19412
93560
34104
99165
46076
68610
15890
92454
30901
18995
76516
80385
44154
41495
31104
91229
86654
42422
83946
51619
49248
56696
72170
93726
10530
71771
27693
37129
90947
71033
99097
30825
73780
56840
6171
64210
98603
87781
49990
94737
90552
43334
26144
36653
32056
59355
31558
50351
57153
24786
22486
38590
33653
61478
47540
97507
64085
29290
36185
6963
97280
39144
96773
40717
6801
32866
90111
691
57348
87927
30471
15153
53671
49508
85525
34508
79158
97508
31227
58942
94762
11824
62336
55834
5899
3069
22462
73399
91851
11895
63976
11598
36150
47641
45364
73138
67433
33090
2708
47327
47249
47143
33098
65619
25730
13746
71778
70443
21369
76406
59271
30937
98799
33360
65644
45926
55734
35732
90917
40892
88424
11046
46747
98983
35264
18497
3649
61422
53692
38195
95185
7238
69308
47934
89120
34538
1904
10236
52158
68936
62939
16491
73412
25636
60284
57308
77796
30720
49888
48103
45082
7227
52754
46117
60746
19853
55092
8850
36300
41014
18019
27553
68197
38482
49053
97889
23617
70894
15050
3473
53192
63863
7048
86988
49486
4331
94421
53570
33477
73986
98495
13176
93137
79843
65730
35774
82269
16625
53082
28627
27528
53499
83676
11185
74987
54062
54390
65427
32077
98264
61711
36709
78756
4322
64448
40054
76166
85804
28760
18201
41976
12568
52113
26087
50517
40423
42302
7742
30019
28625
44212
20772
86820
29876
62645
51787
75158
90975
55357
34347
24931
2323
25833
80868
46499
88574
10314
90145
62044
59746
29433
82711
88563
81126
61629
52775
77282
66378
80235
98364
25673
82707
94387
19184
79086
48342
5303
4723
87443
42286
56554
77474
18499
63791
1233
70013
38307
9195
6819
62667
67810
43209
12737
57512
62204
51895
62689
72202
58181
47446
82949
37373
41037
85591
67570
96656
80099
39315
62835
61671
22264
29685
2822
79220
21462
23807
34459
77907
11978
55855
38948
59099
48746
36809
50740
5157
22610
49683
31967
74317
47375
26729
74079
37713
62455
28406
37783
52120
56572
93591
91665
41465
17804
54323
71269
56046
68517
31919
45914
20430
96148
24158
89678
59745
13819
90220
45720
42922
831
92033
5957
13846
94866
87770
70672
81682
39876
33336
96459
50322
84287
62929
97127
33288
95709
52376
48252
42880
50499
54888
90835
63901
26910
45242
37315
6757
31733
23381
17732
73236
99091
24015
23584
571
38256
97399
46615
30232
6687
47474
52832
70971
30454
28950
89269
19789
12724
85489
35966
82077
74081
82258
85833
6184
66778
10021
74898
11228
41773
414
69271
66429
26873
98042
79750
28511
71190
63828
65350
59125
68316
59012
8441
39581
2510
61084
32561
91629
58929
12558
44245
95326
30083
91164
39904
69120
76156
64516
99744
21875
52488
17597
71824
98660
32329
59752
64331
15011
59515
58479
28133
18920
65188
55255
69267
68886
35088
47258
58679
35384
50113
58604
94023
4272
2696
6209
22644
24859
47333
69441
74203
93851
24326
54144
40520
10199
83899
81475
78885
4568
83544
99150
9092
17701
39570
92355
68606
86887
75996
64793
2158
49687
6782
86075
41139
34291
341
74183
84078
80891
22798
55072
39824
97479
13052
35223
97631
80798
2953
10406
81275
37809
7535
57632
73034
75878
31222
79483
93365
89197
44841
75409
70008
53870
60885
91088
89152
767
86741
8295
52473
31457
8909
11457
26338
68931
23924
47491
90008
32210
83423
54279
42841
75796
56469
11082
43112
70312
47768
39915
32952
38172
84360
8340
93619
9997
94093
10587
49152
47963
27029
43108
99836
39864
64747
32072
5304
58433
24885
92209
42753
22950
1461
49642
53912
27843
4347
16750
32900
19435
28193
58456
36546
54350
19602
41781
31565
97970
33717
61157
24272
91640
24913
49165
12724
97837
50534
36553
58725
72469
85771
70460
57426
55235
29178
41394
13990
19492
47267
93848
65457
24243
24610
97024
6202
97579
20719
42004
89309
98357
96839
40965
38307
77524
50737
37011
1309
82459
58713
29041
89117
97055
67833
66143
63562
33865
11314
50980
51404
59484
11789
29197
44182
65421
25844
28548
194
13889
44319
44430
39157
85017
31656
44507
74023
96375
64485
61581
79690
53331
87220
2418
15540
51021
14522
26296
11358
58080
39515
3886
88026
66121
86264
63217
61878
36830
80779
58629
89155
69667
28200
20102
88667
43038
18770
80129
13111
13936
37386
65231
4945
88980
44102
26630
25206
25714
16672
98101
66643
4304
46446
72354
91101
26632
44056
90807
95664
89978
87283
79802
64435
54185
47697
68652
68416
74508
97703
6446
60464
50222
8561
82157
20908
59095
27021
38665
18876
76133
45537
74845
77026
8122
63424
32269
32372
36429
91228
51151
48011
25427
1902
59609
69435
25610
22932
13291
23084
73523
23928
65977
24081
24103
45604
96000
1823
20326
48614
25940
54811
65630
31322
39356
71707
23312
35483
76048
8755
66683
69183
25392
98498
12902
92487
14923
43487
73573
14072
86841
93909
20195
62905
13424
9004
47383
63766
68481
38712
92152
11198
33525
35314
42611
31355
53094
67450
26773
20602
1013
44113
5678
46970
95586
61196
18940
58526
54657
5115
51672
43049
8564
44746
91333
7410
10074
78245
14493
67056
56094
96908
80647
26930
43026
4730
34269
6506
67703
10901
6893
19654
88721
99709
54693
81291
5910
83450
55625
18828
14809
85417
96303
44208
98321
41530
90490
41821
18941
6960
68514
87724
35352
21485
12268
42558
51715
97726
87722
79425
25869
17595
33730
45113
940
11497
52860
15355
9916
33804
66746
99006
62598
17377
18204
31184
52664
45516
5197
18291
80902
47258
34578
71584
73128
69861
25773
74552
65391
63491
10367
65423
50306
88117
67919
89877
46197
51816
9590
82003
74669
29899
17985
84416
63380
40987
93219
460
55100
62464
94839
90820
14651
68986
76157
60395
39839
88185
51420
55832
87967
90228
85036
37937
90046
52947
17750
34923
4962
86393
7522
73483
85105
50782
18625
84755
77513
44244
1508
37752
21149
46585
50795
68354
98977
71540
48707
87312
95217
49894
40889
13243
85782
82623
52186
78756
59120
29956
96329
64803
4122
31756
62919
6114
38109
90316
80567
3638
16338
99893
92027
14450
55567
42003
88242
65011
15312
78228
73892
23300
29793
29057
34584
554
28398
51795
57100
23929
62472
6379
71720
59441
18774
79241
50125
8802
98893
81482
92176
54029
20077
96254
67175
46058
12114
31211
15945
35128
90599
57907
91667
4708
36813
25831
7772
72492
16578
4400
99288
11340
-18
14116
33574
39701
91387
72154
79543
74397
31588
69057
67142
11867
47584
13160
26844
99550
92590
84366
90045
28099
-26
82413
11558
97822
46551
85478
10387
99712
48519
50361
92888
10218
28384
27772
76037
17125
37780
72574
77024
11665
18653
84697
92506
59002
42830
50278
57927
53330
87028
24330
32879
4574
30941
34623
10524
41591
42922
83365
43157
66476
15028
72762
73892
87590
89446
33995
26354
20767
8842
11653
25671
13481
70431
68995
33546
8909
21366
34685
92831
62740
65615
21216
99859
60161
46870
81257
8044
56143
55288
18692
49082
74356
55219
7588
89755
15496
51786
1237
78610
74666
50906
9840
85204
4772
98205
63546
50668
98256
21817
64097
21027
30905
95060
28226
46289
56709
20642
59823
23104
79775
28971
23408
15545
4198
2779
37458
49581
88768
43277
17417
94419
53141
57665
93460
8413
86023
48820
74602
66337
48142
1632
60270
57390
93903
4064
48275
6843
86759
74917
51760
68141
28134
30034
22587
72830
30748
93241
5442
55870
74863
20117
28265
18128
7432
47194
59336
25483
18597
65515
61623
50316
10209
24536
37821
25541
83325
89515
12254
24255
95862
5167
56746
51558
18599
49738
17441
57206
44440
26509
63262
54380
6463
4844
68793
47308
14751
43310
41328
57465
16361
92681
16631
19150
17742
11073
89601
3567
43498
6966
67017
84941
17059
12400
7851
4139
98399
31523
47419
23842
92267
96982
20118
31540
81351
1907
68149
96603
29704
781
36198
36776
31488
76187
86592
74368
92801
2174
46196
8836
18621
25603
92619
65164
36915
58150
96265
46114
15397
54546
40064
22374
13693
88982
54783
65093
44553
50311
50225
33587
17499
73227
81427
24064
98168
10799
56045
91027
69262
29551
43148
11290
86446
88117
68978
90246
70700
56757
16267
30764
67204
34753
84181
59660
92838
46029
56284
55590
6242
64146
44845
13107
5660
95261
71290
4258
58664
68697
67542
81630
66256
74271
29995
7591
53881
18069
8546
28878
42516
52111
16251
53109
2630
19735
28460
28689
93434
43710
58237
22761
1674
57963
98073
35052
44306
68796
28623
24702
67983
59249
97034
21990
77065
40100
94454
81117
93211
99835
5994
33335
34459
9849
50411
58535
38895
16096
40287
59595
52264
63454
31767
14867
31070
81828
75817
73787
21623
13827
34776
68168
93025
87698
38843
79256
8929
3247
8009
60835
83967
63805
1098
17338
83407
54956
14491
3198
79060
82341
21666
38497
77565
3935
51828
71309
3725
22210
53672
10311
62861
69192
51508
70992
75796
3356
59783
74850
70448
48021
40123
96356
22474
21222
84436
76348
76086
42050
25601
34699
34805
19790
506
35433
6203
47592
40626
11971
18333
19626
80633
21241
25549
9542
27530
21405
34172
35509
6032
11361
53137
73434
77325
95409
97438
65220
70907
73484
97131
21555
33882
47538
93292
26245
52238
89333
81727
22758
60683
21126
66767
24308
15174
35232
91402
61252
10623
28763
60047
51372
14321
98900
16334
60513
77141
16942
47226
47406
60467
51892
13989
68603
99445
81954
81666
82502
38174
6409
6688
17325
37489
24587
46439
19405
64637
72531
29645
94002
95347
60988
13864
67710
75310
1516
34877
29111
11938
42812
99834
27263
55226
48654
59997
85246
93980
58218
38920
51555
86231
2695
35509
23635
69210
15999
97216
73732
8261
33507
49352
75060
64128
-120
45179
91126
50852
54633
4441
22705
11370
35902
20140
8727
79617
49158
94908
67768
38206
36788
57686
85411
56951
47581
72949
35939
99248
39881
71571
61624
4111
57710
95275
47930
48479
17591
97808
76209
82
42555
91692
4975
38089
57637
49586
51289
80014
72756
38686
23981
73416
42429
6924
72393
78633
11100
10466
48233
12937
39794
71685
65409
98259
16362
77769
51652
27976
81604
74546
95017
95489
86465
66536
49716
94125
42840
35388
76770
45396
11605
45612
43709
633
11955
30515
10409
29356
80621
4648
69747
737
96510
60858
52386
23487
51204
33456
21061
98465
77075
6222
36810
48980
47599
-71
22506
9267
22076
90985
72344
43153
92893
12596
29649
79470
24686
8929
97358
80674
68564
68356
78616
62681
14076
23101
22637
77088
14500
24924
2718
24806
6519
7416
87289
28166
67245
92247
63795
89387
31695
75878
61283
63242
50040
12683
89318
52523
53582
39555
13509
15847
84170
-82
48472
23293
49703
54453
84432
80743
17928
10036
9941
21535
59750
42458
62234
84952
73183
78289
60603
13434
63101
36763
42956
23302
62716
28887
18840
98866
48964
39168
14432
28240
1588
7282
14013
93876
2466
24016
17733
2527
32189
97384
95566
37249
30850
83989
21336
32186
20611
60331
25597
46101
65482
52566
76118
4988
12603
72507
33759
96976
54346
41529
21733
62477
7433
76616
37408
47518
21766
28239
78306
47422
94399
93318
11112
93639
90675
28868
5023
61928
69462
94785
35395
58741
44939
54346
22554
54754
24867
17829
50633
4567
32436
33753
36855
7552
57446
58711
78482
58644
79327
17317
56260
24728
34505
45174
64077
36911
44866
28049
67875
35700
63865
79897
93929
79330
23228
40483
72751
49709
9389
51115
79902
21335
51431
55953
84224
24752
5052
80231
36049
36480
96474
41091
71435
17759
52397
62014
24177
28505
9253
58527
48429
3990
96090
18017
19139
21678
14270
35111
56702
82350
3470
80682
41224
12509
15761
69391
92893
19269
64289
76077
96718
15099
84004
79471
71311
24166
80688
56371
72556
87103
30927
28508
48661
50267
80567
55860
39115
14358
79844
4073
90822
1358
80463
5652
96210
71974
14882
5330
50311
54322
38719
9148
26127
38811
36158
78322
89554
15513
77406
18326
28037
33939
78947
20365
73173
75869
64728
48447
84430
85454
85976
45179
21936
92763
14481
26060
9835
13505
86021
84315
37310
34140
20211
55044
60499
71902
79158
86350
70964
59513
39298
87093
40050
27032
85738
36471
4632
71152
9669
90490
31712
2450
21712
81541
43800
17555
20251
83007
51577
72577
47537
91560
35190
4246
97401
87303
67813
66998
61371
85590
472
85590
88072
12071
87495
79082
12131
94839
20335
49198
73173
18847
8800
63010
11756
77738
80563
1656
59972
89091
65302
32722
43536
78479
67924
24526
75750
46704
83765
71440
15946
46297
87457
94275
16162
60686
69815
77116
65798
54318
81862
64069
61828
40490
11451
81913
64008
99739
94136
97360
29515
9907
94421
64901
77997
35804
80913
25031
68354
1
75150
3353
80308
44534
71158
57190
88477
33789
57089
41388
99622
4841
80908
62919
20274
49497
48352
81469
70977
40876
58857
40708
55146
68376
92645
26065
19450
40958
29667
81496
96739
44937
74593
22972
46756
85852
42546
89787
81984
38740
89312
56355
48251
44206
96654
97756
88967
9345
91895
44043
51090
1311
93663
71831
32465
74680
43120
2808
5307
58796
97017
9088
17015
27909
91713
31447
24357
53861
92339
16946
18068
6996
68705
99907
64545
58639
7252
13154
20909
36644
69618
60036
68721
87122
72375
51300
26873
65672
87709
83615
88904
6420
1151
88361
85006
39560
29074
89368
60440
58140
85613
47262
17604
19774
73373
7174
85099
92843
82273
63532
68863
62301
28477
51084
11023
7973
61617
63107
45662
22841
16461
14921
43176
93235
7930
91466
67434
85743
61474
25593
46602
1305
15863
50213
1412
48093
3260
81865
10410
51528
35894
28354
92769
73003
35469
93729
51887
23876
27616
69702
3305
96305
63669
98460
88220
52939
16382
69129
2056
18107
25807
39800
78184
76149
11916
97205
18761
28523
37915
35189
17655
24437
17455
41149
97413
76430
95016
11753
73207
24238
92202
13155
14750
38364
41049
20132
99082
10724
40031
78404
34047
62526
46737
88534
73246
12386
19939
34535
68233
75706
85219
1180
17664
51991
35659
98668
38422
52161
15774
96105
40909
9034
62787
88670
5279
2107
9301
36129
21818
26502
56020
87562
34218
80604
39525
71808
23091
31200
44551
21927
68467
93121
8505
76625
85698
85614
26870
66727
41992
1464
41007
35860
4869
26552
35394
51849
74457
70731
58819
39474
12584
96672
24371
95846
30621
20294
60170
9824
72139
4403
22104
95762
89172
12683
99372
7608
41175
43085
25112
5064
74994
65864
91633
19946
21946
14592
13988
21877
87382
37189
21870
31900
56217
66340
65968
1886
69837
75499
76788
79829
89835
36073
34419
28391
65768
52680
38816
46283
25043
41823
95038
46369
98981
77185
44843
93711
52774
48087
43725
62052
52388
68043
79212
50711
96583
73342
14198
28800
75378
51859
85513
24730
21418
-230
55481
69784
51272
97400
56711
900
68311
45776
47497
38754
22681
42912
66893
30145
75084
75477
84490
39486
21558
12933
54855
358
43275
95700
15872
369
27822
59782
69844
36341
97434
77080
95438
6930
16607
69362
6507
15759
24436
65887
34741
91095
79697
63487
10691
31859
93977
24395
84909
47033
98028
19059
83918
45440
44987
48764
65404
17827
81476
59809
32591
9596
15921
66546
42321
15034
70403
34882
58353
85659
61008
84772
62927
86445
54077
42182
45765
96964
29247
6774
24280
80868
32496
66495
83733
62706
38280
85970
85582
1096
13058
14721
37638
85759
52441
27345
8315
58000
64096
95591
53913
22136
1188
52513
12886
75958
67009
83506
39564
86583
80202
73302
64160
54004
61210
29287
78797
451
8231
58195
25799
82486
97132
46298
53963
62210
41704
84480
40955
69872
73459
2817
63565
68437
45276
83352
93149
42394
44295
94637
84576
86998
50360
87737
46980
66799
57620
95265
54803
24210
45877
71296
87332
53584
84840
6212
58641
41017
15231
63488
74317
77218
16518
22502
25291
40158
22771
25360
6434
3918
44265
37366
98576
54209
8909
45551
13034
78586
18535
65829
14831
60005
38408
90250
62957
67660
6169
29086
5943
37096
54103
76217
24923
57947
62273
21042
78482
54824
61699
489
47325
12303
37068
90378
83438
72902
57981
72079
11751
14629
51766
76266
52060
31871
2741
38008
91832
93762
12587
19707
21461
18315
52024
17527
49056
97643
96873
74913
72008
62280
41688
15267
15432
74549
32069
5276
57296
65380
82573
66736
91557
12262
36616
29772
83503
17148
339
2985
13440
67513
47323
91768
46892
54810
82878
428
84295
35024
30465
47447
43075
50255
76009
27925
20367
21994
33512
132
85573
13865
55804
35908
73999
91581
71638
34909
98453
79050
89911
70550
1146
54908
44823
40790
59851
67690
24107
68364
78790
56139
17880
16098
52905
29520
54732
19335
41195
1431
14437
94209
69747
18477
77548
39651
43631
80202
70633
5021
25796
8830
49961
2707
51769
68571
60249
1663
63580
71402
5868
22563
57470
13241
71896
41400
7543
43970
73289
88664
93848
47883
96218
81665
42606
66134
80201
90317
55769
91679
48897
62772
97978
57409
84891
32874
22099
22553
34835
22469
53830
7023
50087
47038
18654
13922
67306
61734
17468
63818
34080
70625
73900
10724
91336
19470
38030
55589
63214
76906
46727
31451
24018
75608
92783
9951
64421
15084
69780
53123
94402
36246
67880
23150
66573
68554
14243
61700
40791
420
42101
1731
97760
43914
65729
50786
62285
23577
38768
14327
72230
95572
24211
93293
47482
40507
16636
3512
20586
85697
62711
18141
45059
62701
20999
92158
23579
48752
66750
12835
41516
83610
35618
86775
96832
42440
11196
87770
37564
98877
65726
99847
30580
91309
65833
20336
50240
38145
39030
54479
65729
355
11803
25331
25864
61979
2748
3751
51127
23040
82168
68200
63458
8276
93358
13595
49162
1121
24575
72304
95134
25145
71809
59646
51518
58403
24648
27375
93929
21165
74423
68703
35289
86332
19732
77519
48254
34888
11194
53247
84661
62397
76568
89693
56301
43092
78517
86489
96513
454
257
30871
55052
31211
19150
7726
11745
45590
28816
21374
47517
87551
89500
69234
89787
51250
29245
66356
7047
73529
75314
26152
95794
7109
91221
8941
97559
58978
56070
56636
47555
47481
51938
79157
72651
14642
32800
92969
23546
76869
51560
60321
68781
89292
25254
58889
68637
21441
7121
2972
75799
91611
39603
73060
22945
61580
44714
5568
8846
32710
99041
67576
27493
33105
30608
56657
57791
51593
5728
67652
14622
84205
90771
9873
99370
83604
50341
28925
30839
46082
6620
57091
87868
27
24827
65556
99414
16989
30465
6349
64489
65680
64089
22667
74392
26466
42512
64342
70086
40981
51753
29673
71629
40911
86583
565
18104
49474
51990
89799
37572
27761
20573
93730
45855
6259
25005
95908
30009
22745
83778
47507
86751
13699
1718
37016
98968
91400
71023
16169
73637
10108
66398
38644
77467
40922
38312
20544
71834
55942
61648
56068
57774
11467
43786
31105
77981
35164
99100
48299
48495
45553
95297
13661
98586
31931
65953
-120
53929
69230
79017
79554
22929
53427
90674
34910
49288
12521
46793
30257
39225
67970
79303
46472
13311
49995
88316
76244
91095
1337
84094
72241
52588
59185
45906
48718
51342
79152
55566
37824
22003
54857
97100
47620
9105
83041
87045
26467
88454
33955
39261
50470
51727
11212
73505
76657
13095
12437
15601
71576
44308
77837
2803
5665
26819
50577
64803
7024
89426
78654
91751
2862
17667
89498
2224
63368
6389
53074
23852
72728
45758
69487
84424
48861
61610
71424
79636
96282
12922
95064
59164
72925
66087
21010
2210
39365
71415
91052
41978
47282
22502
8922
13291
38803
67319
74876
98646
34179
44315
31783
50421
20996
40215
22534
27993
19153
35728
85612
85767
12508
53261
22154
20137
84157
73621
76191
39707
54974
85241
15082
51377
50316
9115
99837
95980
34327
26625
66271
70339
13541
70811
64182
26772
81274
54434
6592
13753
33752
73168
79448
83629
10384
71308
38077
51291
38838
49981
52688
66487
74776
46929
12431
15290
41391
71173
87972
52805
89512
52383
32501
31627
52382
16871
34240
59448
30921
6481
75352
72059
51284
82383
84991
27558
99198
24127
28620
39941
40642
37244
60031
43883
33587
87693
58050
49468
34285
98180
50696
18377
54334
55570
27968
69449
55370
3850
91720
55867
29818
42875
33235
36248
75452
30853
50680
22551
69459
59026
16302
82662
36986
91563
82895
71215
29917
58485
44311
82612
14675
23576
92188
12031
37183
20818
40967
6403
93133
29388
36209
42835
44659
24857
93110
43220
97041
79725
20349
3289
67692
46504
15272
43315
22471
42189
61187
13835
39648
4870
68532
76889
75226
8419
24082
89348
35624
23856
7132
81755
42881
1648
77715
37618
316
25428
24515
83868
35788
9872
45063
67312
18733
56135
60903
58788
231
51579
41389
38994
16230
58959
50276
7966
54938
57236
21135
92450
66770
30000
85797
99509
93113
82328
89705
1175
866
20227
32155
34163
22411
29808
94788
94389
53678
45765
42293
53807
43730
10822
87106
72181
39126
50680
55135
99010
12433
88373
67465
67321
33804
29039
2742
65216
4469
86227
8354
68543
76052
13772
23736
69424
56439
86691
92989
19336
76540
63781
45843
89948
90039
6269
53345
73118
41956
96854
24833
24950
99231
84139
87160
69948
40279
85400
92323
99910
41463
99440
92220
25726
12756
45540
95108
30087
38981
34652
12336
9479
4171
42576
24427
30910
27750
54916
86530
84773
22036
7429
30299
67252
17089
99327
32769
91041
84886
34605
21038
94782
44649
6775
35947
62126
71901
49762
48446
69363
55799
56632
32994
29890
83263
11865
94656
26852
63534
87021
54194
67257
39246
83283
66155
77954
64671
65346
39998
84082
48428
29292
919
8856
30916
31193
52443
2617
87066
84837
55231
25531
59118
9646
43832
7185
45925
18220
61725
2238
81347
16122
10460
67742
75809
1677
23640
50094
62424
76131
34048
82562
98109
39256
63779
70864
65899
87006
96457
75501
45433
70687
41050
86267
29607
79221
56852
67704
78931
55194
99477
84159
7138
92550
10238
32479
81307
23516
23409
24711
48389
54340
4451
15648
23157
67598
50157
89702
79939
15040
88610
10508
92709
36738
19742
50069
59732
43550
83728
57354
75038
26988
19267
51022
96526
16707
33351
1901
63293
74003
67456
17559
30549
91514
5343
3556
46107
43964
28225
80350
24009
69932
68952
37836
64510
73001
75480
43422
12807
69171
36292
22807
82343
3265
67043
47730
65783
31392
14970
69237
82507
52624
80528
43343
88719
9595
90789
69793
86859
12923
43350
38939
65866
27376
36552
20837
91183
357
47217
29324
43983
47409
36503
19824
81231
45845
90978
51070
50211
76993
36191
17083
45448
88715
59655
64449
43351
46902
31928
78419
37475
38099
57312
38172
16848
45359
43491
28014
50938
66476
77878
40261
29167
18249
79998
53406
22208
17639
8144
76627
55098
60809
27709
17981
68336
23919
91346
7410
14164
40190
9451
6703
85287
87358
34366
83828
67804
27973
51180
59166
60703
83365
56155
87128
88531
1629
53655
3256
40717
18539
61503
79935
58426
50913
35868
83954
21422
86023
57574
24970
18926
25117
82609
34125
24129
38906
71343
30430
1806
69060
53081
82706
62918
86111
40873
41640
96882
86458
85347
51579
98742
96666
31642
29631
97033
12378
39781
40713
9167
96377
1463
18311
56276
44855
59326
15413
72039
48645
95889
27456
60037
21646
86008
60320
514
85603
61132
17469
41477
85578
78550
10505
18260
79675
20775
70943
91257
96472
97167
99972
36086
56096
65307
1428
91628
41328
84041
25904
39894
53580
96599
36229
10132
21679
85038
48959
62918
95764
62282
60852
41200
39676
32957
47633
90689
42351
76542
70932
6537
71250
54986
61850
13709
4178
58781
4916
23350
30004
58887
97603
11699
57082
30295
67300
33169
59758
84534
34678
9030
24494
21879
42036
63787
88459
79334
78189
1626
52673
77176
71474
57808
60979
9207
8688
85821
54358
61714
1750
70283
26899
81965
54965
20255
75057
1880
33170
47417
33941
54880
7580
92751
25183
26305
89629
49654
82671
17391
16245
66120
90966
80066
99740
43102
83771
64395
76733
78381
25568
21662
36210
80673
20550
89169
24820
24916
74569
38730
57524
66391
29840
79117
51107
68016
19416
18983
98341
9595
23344
51043
72690
89528
47560
67583
60483
34958
63422
73404
52424
45317
96845
87361
16661
65468
55885
83010
32901
22581
98982
33298
75981
93149
81351
57824
45627
88459
44896
30221
13513
3446
79446
38905
1791
70682
72313
38486
17678
40287
36080
84355
25920
48557
3798
56589
73853
69836
36237
51100
37655
96490
53479
50285
67576
52685
88969
1666
18089
21492
18414
34196
70974
62184
68908
36346
45176
79008
80322
41639
84613
63471
93419
11508
84596
70047
31036
74697
45946
58522
99048
41935
8563
90056
35960
44649
39141
49995
59428
20866
79796
89476
94794
23997
34820
18396
26704
65607
81776
38892
33485
43571
58855
86314
88220
9746
320
69715
28984
29863
23874
65247
34538
99762
67539
54011
86945
34202
9722
74787
89094
27914
48611
92922
57837
10645
16932
6649
20020
88819
86274
91622
74970
26715
99085
19871
38059
41675
25342
4920
94747
87007
20773
64828
7081
16990
50675
11144
24967
36961
66747
46912
29679
17638
86213
27756
97778
27102
85975
68527
18404
2079
24537
49585
51623
3166
52114
91038
57461
80701
85557
43630
83252
41056
55546
8962
87149
48472
60953
10866
83691
85644
74947
80015
89431
67888
11701
2823
83820
45753
7487
26614
47776
39159
96620
1949
63122
25919
81968
29495
48694
20048
53611
13469
11418
5403
12486
61904
18533
24694
92100
42713
83354
5477
5930
4730
94330
20217
1708
48158
32481
28763
28980
77350
60935
99935
30653
46450
30480
18366
73226
7665
96657
97541
43948
86807
33452
1978
44020
81417
27254
71188
33433
46816
77969
90111
90922
31629
55210
75171
13386
4365
75098
48393
14511
8330
25555
80056
11399
3251
80382
28962
24224
80766
13732
56194
7940
57286
88483
22868
76332
51293
74296
87752
46936
24308
65014
2346
80682
88349
3616
59085
76851
52872
9895
7523
55248
58731
7314
89688
73880
99728
97419
15163
45471
3161
68977
87131
55752
81661
99450
13141
39482
708
98452
35948
16907
62289
58895
12635
75929
88730
76208
11448
21625
77299
66876
25523
97577
28601
8825
34117
19927
3178
49158
41299
24381
26488
9325
5137
80544
25488
32221
4479
80734
73074
82254
84702
49522
36652
83731
98267
72873
29055
75986
59019
27506
85461
41714
40284
51161
23512
61197
16849
13891
7650
87329
15993
59629
56896
42107
57095
19758
90578
21016
52177
32898
18012
33267
55955
69992
93845
58800
16062
3541
74065
75424
59801
10236
89152
52378
36338
93355
26537
32818
96188
39236
59452
20903
52272
65059
31766
19899
38543
50967
14598
51687
74897
87739
31173
74665
25966
28160
96987
85179
1172
86050
1709
66344
75859
62184
20832
71905
1336
29325
2523
74108
16139
38171
49308
18161
8183
75206
6275
53615
64771
47061
10609
18096
48665
66353
37666
41096
57316
40276
34353
17217
12952
74715
9374
26802
82614
17907
58387
8263
48337
41922
24633
30647
80771
46993
66710
37691
11166
46808
61597
71623
16568
37536
20151
1064
95271
93631
73200
15092
678
61268
63431
27075
93902
60005
81728
96582
62521
71436
9707
50755
24480
9566
91766
43450
89686
59637
84539
69624
27723
66957
56826
-167
93485
14010
4761
83380
72931
25722
43766
19299
79142
81579
9951
40205
89153
44538
33835
47123
39595
31042
26092
19577
41675
81339
59486
20590
46347
46239
61412
81850
59043
34122
79926
43986
28884
72981
72443
82413
55741
18104
64777
3390
83397
20199
16107
21966
97757
75207
58352
44771
12138
38714
99478
78107
44571
36518
80366
26406
57018
38558
43738
22854
44733
11587
34455
49135
7145
57865
10266
84216
28616
49912
28467
65398
32955
13827
84467
75984
47653
24853
82884
36500
39165
94026
52711
33262
40537
23744
94601
90802
27605
4749
45865
22520
12919
63093
55084
99072
5653
22456
29964
75507
62028
58621
88044
47144
28532
418
19391
91014
38237
49726
76302
44518
49850
23513
30872
21758
82236
75248
98373
95434
99578
77626
74311
39338
18117
40588
51007
87693
32654
43942
96121
40077
60125
19632
16374
79990
38856
95805
52179
16901
76524
16254
68152
41090
46758
106
60442
60986
45020
64957
40730
91359
77980
60246
28298
87382
99070
7950
39477
91842
31623
808
69028
9009
33173
33
83089
46254
26820
79066
63647
5367
79046
61382
66189
47455
51455
44475
61539
70096
73457
7863
1977
97915
57766
45285
51681
1920
78429
32070
55348
29168
23901
64068
96776
50893
99689
72143
39341
17231
90905
97680
38745
77790
12650
88287
72535
14965
79982
49005
80625
96530
12284
16197
4084
77610
76102
7853
392
43221
66973
83159
78620
47063
2490
17568
17022
670
6136
9500
14819
81736
55044
63098
93320
78879
96698
22066
76657
18792
94584
71771
54901
99791
94287
82083
66359
61160
43009
83058
77502
68582
19845
1424
17756
45284
23873
91238
95409
87187
68531
32356
29232
66959
4933
17285
90715
95706
90147
99270
79270
91447
15574
63571
53503
83947
32357
4275
96900
42406
19537
20497
56580
85842
62218
15053
38010
68263
30836
67360
12135
18886
23953
73900
86106
55858
34451
69333
83936
44137
39360
39546
91517
89658
83733
69991
15240
1406
40176
19049
38782
30013
20423
88226
89023
72169
54142
96370
40555
91694
98651
35203
74083
8488
53754
32259
58528
18690
68629
12268
15600
3309
26773
93279
64075
68503
65613
88535
83875
39839
5439
31507
33235
57110
58048
57
71276
47290
70568
25542
88497
94443
22887
82866
53722
81285
53025
22153
36953
84097
45901
40966
37398
85802
22053
58583
56069
6050
41644
2807
13937
45088
89944
12474
52596
54488
22666
86189
41756
85595
81861
93320
2709
14027
40275
69216
90987
78806
72029
15600
62601
97696
6546
53012
38179
21288
74279
80751
80380
51334
18914
72876
16687
1479
81599
2123
48492
72198
51981
62282
62705
69638
32942
16173
78805
14835
11612
49799
3888
64433
64018
1335
57716
13569
70801
41566
66310
77288
4196
12762
87259
7030
33500
79216
8903
34468
33751
76256
72990
23620
26925
69183
55276
63761
54912
29406
95310
61274
15534
42386
52572
57403
65871
61101
55899
20169
75018
71703
95966
91119
92935
95372
81482
26984
92134
94426
89625
66793
664
17269
5415
13367
26468
94293
76809
54266
61170
16163
79761
94328
8280
4712
68168
50212
28314
80329
65666
146
92256
79039
5915
39007
29608
5170
40557
69742
95157
9378
39302
10529
86011
82768
24209
5080
92630
89566
44996
98732
69899
87764
57363
20677
66988
61481
5592
58698
88548
44658
30022
50391
95149
31979
94919
97269
54990
78430
39871
6347
70546
89672
53301
35376
92510
88850
94825
81238
35238
92145
19887
9207
15696
90712
76080
52401
18591
37477
98271
86161
5112
462
41241
44558
87125
35948
73699
85483
19607
3804
52009
46640
23138
50769
43545
63572
61769
72649
69712
65349
-213
27129
38453
27202
93269
68626
74459
19802
82397
45554
57986
64405
63176
87899
39894
75678
89152
6995
51916
47950
62496
92613
31740
5127
52254
64852
27755
4060
57971
66484
69547
35329
61027
59974
79378
37004
31311
73785
81913
98267
81236
52379
93615
88131
38697
50426
13653
54983
9144
58312
13169
95169
28946
88542
69523
95853
74305
90610
25540
54142
94847
12077
33611
28206
86484
73798
13289
10502
92700
22984
36613
30781
92087
59010
60466
6474
25343
90797
29687
77884
31293
30811
99344
25613
61065
94331
91662
3798
61383
74450
58335
38523
78143
6851
68120
38654
85419
41288
72603
14325
91249
92810
14653
40083
80380
86034
21478
49957
8419
6396
62280
66757
59015
7681
42168
60958
56810
97689
55849
74545
9593
35483
71578
14673
92869
60470
5670
5725
39456
9227
42880
44956
99042
68638
34414
81003
14483
63413
61041
28536
41837
32495
79283
60426
84221
31953
15232
40762
74060
72706
75664
92466
38627
84635
39210
55900
17768
19757
63418
32891
83466
73318
51296
83502
65781
89643
31380
65367
84636
59321
83377
64989
72274
36801
92133
46623
67112
28725
29681
54254
17248
88657
3902
68475
45664
9039
47995
84233
59750
77767
12057
45729
13403
50838
66169
71382
89914
79647
63890
79168
70496
97137
64687
12819
22663
37847
94787
3394
72115
53406
77868
84748
62486
28726
21642
84822
3363
61693
74979
89189
11569
27101
66855
82474
99052
33368
95551
25008
98136
42405
22217
66995
15852
86032
40913
63870
56726
90589
13768
62937
43058
71130
24577
80668
33527
840
80083
99595
50013
24003
8513
25998
74347
85915
85075
34366
79776
96492
10191
30603
36058
97733
50295
28951
54199
63067
23009
82560
38083
83128
68479
48591
28749
98762
78624
5592
9073
94527
98837
98338
48319
24505
19877
92376
15448
16794
77776
312
88318
33986
49281
96987
94644
92788
58669
11898
40713
583
52128
4050
55618
28148
74238
20472
29759
51709
18298
27705
20196
31822
8826
74570
96086
32838
60772
37676
37991
33063
86556
24719
6649
80696
8336
92548
67499
61419
55038
14473
88542
43087
93802
52906
50980
59391
40718
26546
7470
15444
30422
63633
20041
46713
57911
12431
88770
24628
77624
58202
45177
46727
49092
87713
65194
2971
75475
50367
34165
30498
31020
86079
64686
93059
94071
81193
61245
95720
19946
98790
26731
6026
48729
33465
8206
17941
72775
65859
10773
2538
21209
44770
49839
4586
21830
84770
43545
30000
93588
70596
88939
37484
46367
24207
33214
25209
68094
93993
63297
24047
15942
87783
42455
98480
29926
65659
3024
98557
36518
84055
12220
15383
48831
70115
48561
5918
80740
-139
17407
15036
60392
48700
39666
71058
51926
97660
4832
20155
40853
99815
13278
95589
90470
65491
73147
56072
93906
56581
76947
78373
39394
10098
96381
63561
62591
4673
42830
84149
80444
54895
96762
96703
22741
78825
22829
541
94383
17710
34176
42125
91168
12520
91354
34006
74760
95061
12348
16265
29300
39705
21474
17397
5920
30410
78433
97706
9554
55116
20576
46682
77543
28821
74740
14351
50549
29485
15044
62939
30860
70243
52592
86309
32882
83209
67497
67157
9028
20754
62122
45189
85971
3004
37506
35207
49216
54567
15653
11778
69044
73600
69642
82089
90258
74634
87900
92239
41804
77352
5722
26650
37409
16133
20349
75413
70844
15564
74518
95447
72324
80934
24751
37123
38832
74505
7569
28137
46117
68647
53097
81280
5141
52813
91430
15321
89343
57744
47035
23999
61272
1469
83190
37699
37807
43056
21887
68766
5977
68524
58854
79513
97007
15459
93799
62463
91479
48641
78872
75362
24135
28622
77823
78115
19632
42043
31074
48797
49127
76215
12084
1904
88726
41382
59508
40289
40318
61781
88932
50417
46825
51176
200
48323
26199
34202
88157
29032
28707
9444
37846
70200
72968
62084
82588
89434
88586
35511
29524
98140
22690
4876
79080
65452
63845
56230
11971
46913
77270
75869
987
93610
79070
90284
54707
79275
9486
65985
52981
98540
13155
68431
67441
91017
77390
19293
27133
28143
50041
10583
73984
53947
42742
41444
5649
28027
74524
17666
75235
96137
29422
56459
11435
56943
14855
10218
86024
43889
70704
31314
68466
7791
33397
73302
41792
92668
33587
46321
26933
9145
47655
96426
61422
85734
83893
21960
62235
22644
41543
73611
818
85266
76806
62143
29059
97379
95501
88844
64496
63056
2553
49097
56816
48023
43055
13135
16743
36297
32902
40702
77072
8036
9015
37232
24063
86150
55238
8381
13509
29870
38520
5796
96028
41600
45803
48763
64477
72230
15401
3160
8481
48105
34775
49788
15898
88221
44192
25055
79773
69122
75876
35618
5996
37751
81555
46744
57714
90684
69083
35134
84844
82264
63694
40077
62095
35869
19242
44646
11241
1266
32005
47271
5298
78155
21243
83562
96043
53339
71003
81094
67387
94622
14278
74461
47029
82656
96191
43061
11082
8290
56469
27373
67904
74454
20327
55991
86026
86808
58528
73992
64299
94204
41998
94011
45484
99135
37115
89435
85592
31156
5864
91494
24410
44758
74191
63514
97248
18187
38829
19915
1411
62847
67733
70340
63197
54204
3770
97160
13856
4359
25821
85269
50224
43941
89226
5096
4657
53753
39575
73701
9261
84423
21410
89388
99942
61505
38196
30602
10632
12429
71683
77389
54836
25026
18049
7792
26806
50103
96997
68474
95816
35799
6752
77362
56614
98579
32911
39167
12990
70495
13391
47922
95001
40840
24105
33701
75538
29195
94679
81368
8592
12102
9694
43332
74562
86099
75843
83924
60133
43791
1010
34470
38924
91386
91171
75656
95036
69245
56308
73889
88216
51832
5491
50111
31199
56777
75753
56040
11341
76390
73485
90218
82635
98873
81159
68647
45248
67455
2558
17078
57485
63981
88608
32011
93197
98117
75343
93277
58251
35980
76969
93369
40659
14764
66600
69535
8384
32707
88656
8976
41643
21733
11701
77
37262
27775
39374
6326
22510
38774
6827
83237
56837
80943
99380
14289
50545
96701
56030
86434
95173
77767
91227
88717
87034
52608
96534
135
53779
83511
41423
67946
66998
28612
33909
70760
3570
91822
98650
71091
42378
83244
95755
95581
60343
98540
92818
98455
88983
39913
95267
23848
8605
35560
53815
56283
91330
5669
75781
81153
27311
93864
53129
6680
24481
92477
51252
85345
3692
52620
73060
29107
99474
43473
50911
99666
76818
68600
52294
89268
50118
14819
76207
6554
50545
27568
48913
96007
18450
37546
72952
25614
83312
98588
3235
9019
45950
64186
62375
51444
73589
42735
45062
72929
93569
4559
27124
44755
64017
91977
93009
56871
81078
97233
48817
69519
40042
59110
27134
42089
16166
89479
35735
62389
85917
88776
81345
85367
57556
64957
56648
89859
80233
99438
41334
90981
56215
18732
86090
82549
83188
78992
84961
59368
29385
19531
64085
42321
75441
51897
54310
23913
50456
91173
78582
30420
30989
29650
91632
38389
81505
97438
4077
58497
8557
83705
15987
45948
90460
2209
88132
64541
17084
42223
24664
30799
60008
75037
1911
95545
31123
87798
41551
72193
97253
37112
67659
53024
17152
41521
35960
42399
48868
21073
17666
46981
58493
61845
47511
54956
69822
41671
73501
97359
74752
66927
86793
81206
91390
83050
34839
22735
25119
8203
4388
60975
49900
4422
35811
69737
51802
27044
76200
45955
56527
34017
32841
2037
24785
67458
61470
36172
37173
23662
88310
54993
97213
20528
41676
80467
34322
79935
88818
4901
59559
60972
4386
76067
86415
35356
74150
34940
59686
19539
20487
99137
54405
97816
96200
99778
62766
48209
47036
30540
27973
58146
44620
69162
31124
20771
82996
2900
33853
62982
56485
51787
67897
48287
43875
84727
78023
63112
27855
51505
58007
20582
30033
78773
45779
96591
70256
57010
25129
67846
42386
78218
69290
69022
70127
96986
77035
4820
36121
86653
56893
23571
10982
1951
77053
77893
38795
56765
54656
49127
25209
28052
49379
7574
57441
5261
53544
4562
90141
68786
12561
21748
15976
55532
79937
63939
13189
27303
39157
75184
-95
53966
48009
75502
77324
37614
74506
83582
26355
66747
14940
68241
90963
70106
82475
78043
35540
97135
33451
58734
81032
33568
58074
32201
28946
52859
16429
30973
72936
33438
78015
46347
65718
2915
16167
79452
26782
58297
49409
31089
13274
77362
5072
51367
70089
59570
21729
15699
79790
15733
11644
82410
91004
12175
89080
34519
53381
93300
59569
22212
54196
17488
54872
67036
18323
39586
55808
52723
97281
89431
55521
98096
36176
28555
40759
34129
34146
62037
96504
10474
76055
45106
94782
27220
54056
69844
8972
39683
73901
52363
27966
88637
25947
36523
83953
35108
74352
18742
80275
68698
44544
68293
37407
40165
782
91151
8832
72296
49942
94717
61599
70100
53181
83861
70167
75202
75284
41666
61497
10278
5730
41241
72529
50662
23014
56397
6003
94871
84549
85588
14161
97250
15638
42149
76282
59116
94456
5327
27839
3400
71894
14422
88419
87499
73691
37852
76966
71895
22368
43192
74617
14777
2119
76945
44084
12662
29271
62242
9918
89516
45037
17249
44421
97940
5271
4853
11060
8995
1507
86825
88043
75189
23403
26479
30978
53048
42418
68678
27769
29450
38264
33544
29735
48666
17759
81457
4717
65115
98993
70807
51271
58610
20960
86934
39834
33603
58813
53201
68424
16280
63082
47847
39127
98545
8651
45344
44132
81366
16006
76799
78348
56966
5170
64005
37488
72240
76575
1372
22795
74668
95646
92509
44172
69248
52141
56216
78753
73598
78258
98372
23383
15140
93798
80084
4443
88343
65749
25325
33639
34982
43484
6426
112
69364
40085
59869
75327
65749
64003
53966
14958
45322
74738
18782
97844
15618
19124
16185
58478
86801
61009
42612
11665
30791
27333
47921
62828
72145
78702
82576
23794
96999
10081
37853
41476
63762
67174
57476
12515
72950
38049
16372
43602
87797
92836
98692
8181
93895
76658
19425
22322
54281
13752
62860
26066
93853
62120
1212
92969
74762
52211
83298
64287
49372
59493
88348
70090
70241
44629
12037
29588
65167
36332
13283
24170
96827
24519
33635
99766
9579
8896
75717
36221
73352
48395
58641
14155
97053
3010
11120
48093
77027
61007
69984
824
739
33674
6887
45684
79691
67763
38010
74022
17216
53702
71049
66378
33071
41937
34878
66086
86518
39191
90138
56730
27194
43173
66213
84416
57725
95968
81580
57649
24864
18852
26335
34881
53684
85618
91945
81292
8709
38967
27507
32216
45347
12879
78228
55754
68551
28114
11827
36774
32240
61558
81567
55705
3038
1516
23941
3255
4004
9502
11731
15304
24694
70021
73776
42925
52212
28254
85130
67794
13108
99506
73809
12860
47374
18611
37222
98015
55405
47516
85238
58448
57100
17869
98098
46055
30721
93185
86912
51094
60366
35095
24651
89957
57247
80088
23039
47082
85026
15453
88343
7403
13954
61282
9609
49858
1537
11229
26783
37673
76650
3980
83040
5367
89020
9473
61026
92126
29417
43284
91044
34488
35250
62203
72276
64149
64520
7374
21049
13880
58916
877
15006
81927
76516
73882
33227
53066
52106
10837
31674
25162
42762
21640
8524
60500
93132
10803
4603
67636
-158
63819
42891
41456
76065
4779
13715
21849
69028
54699
19292
91516
4168
71483
11194
93459
47935
17665
998
14483
69969
45819
90611
58933
21013
58626
91873
74410
58419
74379
15462
66627
90385
44369
56725
22131
84472
29207
72422
63754
71366
87084
34100
87568
60738
95364
38386
71973
73309
97241
80770
39918
603
48027
38462
94009
15146
22002
58377
24296
40961
94067
84982
93879
26924
89327
94120
92812
54398
10771
68237
29297
59275
46805
42874
31851
33578
28176
84497
42148
11529
89093
71916
58185
23489
50132
95716
43539
76515
67590
26274
78684
69397
17356
35531
8302
5430
9014
80297
67898
73223
49616
63701
28888
76906
90334
36932
76131
79431
55363
49076
41675
55878
57218
84637
49339
32268
21634
23943
58892
51780
60466
17394
94136
15359
86445
86960
87491
44155
3371
2164
83706
28886
23319
78925
41511
23586
33193
30615
28219
60666
16309
83565
86518
91508
90409
70155
7694
40508
16197
89907
61609
82500
96394
62091
5726
95716
85544
52554
91928
89198
82454
32426
8775
16823
55486
23364
-119
36514
26368
19790
48234
10596
44582
28627
56000
75391
95856
8211
94824
479
54306
1966
10336
41572
29254
58616
11143
12046
54877
290
18253
74950
23605
5840
55493
16796
49941
76602
91207
21650
93085
16927
79430
78297
15001
3233
26472
83932
75942
93038
43360
21886
35292
51206
61334
5709
28048
77438
11672
8600
44008
38459
30950
43221
37657
-243
67539
63135
58021
19343
25636
16342
4099
81605
56737
44717
31253
47321
75389
43888
33481
34344
56806
47070
75523
7619
10397
14677
11249
80414
52096
22402
54940
46624
46615
81424
72879
72921
88039
55974
79104
24832
2962
85752
52750
33748
73701
35079
42268
25158
30058
66334
57433
14943
72308
8881
7214
54734
26680
8736
9681
91422
49264
8750
12875
18117
38928
69015
26670
9104
96875
27124
9209
28069
24259
72311
99025
21905
77019
75726
86552
92431
74050
41351
40030
66483
87554
49117
24740
50649
62445
43350
94348
62113
11391
14683
98071
69589
59171
63015
91379
41943
29372
96541
14239
99846
43141
69226
61865
256
53134
61121
56716
564
1308
16645
64326
87056
88206
35548
16768
9369
47604
90275
69083
47662
86711
94739
48937
10107
70959
56723
25753
26307
89726
3630
904
76999
53418
61652
59468
83541
96086
32480
47552
79781
38766
68151
92857
19528
97779
64804
47650
38578
81489
23737
2080
15781
82328
77505
14629
88514
505
25606
62396
82225
10157
62982
11860
92451
9510
-93
6703
37911
81477
28151
30074
62233
47029
83896
90678
81355
13725
86024
9515
28342
32084
64226
38438
94627
88916
88853
8578
21683
22029
43743
29055
52099
97113
65296
20822
67832
16800
64110
88182
62887
14919
38136
44553
11241
4751
38504
84299
87769
49159
91233
71409
35404
72900
9316
14469
6562
31667
99360
70459
90168
26791
48172
11589
75804
21499
7210
5214
9053
62668
84537
18757
87541
5601
62347
21936
55157
90568
75011
53853
73695
25358
63289
80573
73303
99807
22341
87747
4744
98086
1389
67714
80465
60734
24988
48448
24869
5657
25730
61771
56427
31854
19223
39519
23124
20079
6285
76791
62478
23170
5475
56841
57224
46834
38347
19006
89600
57303
51125
21776
34775
93067
20381
62089
52594
8287
77353
78830
54616
65274
17187
65688
83466
2896
89144
55723
20286
56547
62385
16441
52593
44275
18862
74745
64237
72289
12625
17453
14748
83844
99308
36729
51898
30007
83610
14130
45354
69974
71942
16819
63278
67810
9290
25932
65406
59799
91136
52284
32628
66787
47375
41941
72537
77541
16692
90403
96504
89367
26666
9222
76110
44791
63087
70374
39249
98616
17240
41305
94096
40953
19856
70710
26481
33011
90897
36066
6545
25537
37638
79406
70274
31475
75897
63476
43412
36291
94956
96764
51817
50699
20401
41491
94115
69336
38903
22680
65456
58696
6842
70157
86637
61657
53620
27208
45319
19390
6994
83546
19040
24864
1756
6671
36701
97710
26470
83105
1455
93036
28361
16630
17590
52179
98209
23249
35155
87939
2272
29483
26981
37628
57089
60356
57684
3668
16986
26344
71507
84928
33371
52918
73484
61914
30047
93714
23409
55242
82587
56165
35303
24010
56671
11224
24868
11087
14163
59947
53913
35020
15071
92663
89650
838
69958
23859
84497
63034
39769
19953
53139
66119
56056
61131
92465
40434
91207
39105
24445
91506
39044
74103
4195
47730
73454
16446
66983
33258
9952
59703
4509
53144
58012
89134
1670
50987
91127
80960
83627
64141
97807
41242
63018
40743
23465
36553
48964
64575
35819
64525
47021
37236
18660
66647
92106
47432
57240
44817
14408
69822
97204
79685
6604
6875
62176
75312
39996
88668
3653
17249
20024
99570
53446
21745
13357
21483
26173
33857
58892
67715
35531
68463
43689
44419
9818
44900
39713
30811
63344
21909
11185
59742
69459
95004
70356
33287
65260
67496
37893
31046
69572
80648
87292
69634
54450
53276
50099
69528
18548
71135
1786
89967
16395
90370
74280
2456
96577
14000
4688
74049
31360
81398
18885
1012
68916
92609
36601
46412
19978
29029
78218
79315
4887
15196
61354
9502
38180
13192
91134
21200
73135
46838
89927
3332
46850
70063
79385
95877
-4
63671
50118
16381
85704
69253
43523
11018
81685
10557
72459
60430
55000
96164
63823
66413
59115
63484
79044
44639
69741
66714
87296
62829
92814
55081
13296
83624
12663
45885
69807
18901
90543
2134
80586
82639
10107
62799
93181
75764
78589
29178
34075
56480
12358
55205
44780
81532
73001
60005
7759
35460
46654
58419
55041
78690
68548
86405
16552
53476
59777
51251
93708
19995
72613
48611
79547
73999
15032
21758
80476
48708
12420
82877
96170
50058
21942
39416
86276
95177
29773
24097
45323
88446
52475
80571
85238
17923
51996
41378
64405
18792
83229
77595
50787
8010
11970
92225
84835
12367
64555
15202
52155
83779
83421
60595
2123
61606
63843
83127
19700
18404
66032
82189
75423
86088
87062
18426
55346
10245
71004
36967
81721
13498
35910
27726
56479
17326
83789
8298
84641
25530
33065
37446
17679
613
27736
3124
85083
8888
49668
83057
46928
96632
24160
84483
96221
79750
67313
24337
57263
60412
94986
53598
41987
56329
69864
78047
24927
96057
84381
60169
6975
59315
26449
70065
30375
37339
72184
90809
2904
40144
28037
47274
11190
21556
53122
8551
11798
12566
78219
91508
90254
35066
76777
67603
92689
48963
50463
29591
98939
76072
49287
70901
48399
87668
56748
47842
75603
4404
58242
98816
51062
89406
85423
23419
70828
43442
17497
81705
88799
67502
38021
46380
30992
53875
84212
60413
65912
69269
38580
6323
3890
17898
11195
28025
83060
70277
99592
53295
13887
76984
76141
1297
68666
94262
34530
5414
60053
379
61507
27140
45029
57920
74780
1815
57521
35586
81903
31686
70317
64630
44045
72117
66160
69188
17356
12453
20686
36545
64705
86335
2896
47348
54442
98498
95974
37256
63579
58330
61257
40023
66975
16839
67514
36245
18282
79206
16926
47366
10398
60622
42985
43724
98576
82931
16015
23535
45569
21598
20851
8886
22523
25287
37392
5414
54076
67594
55131
45040
18459
29314
88718
87381
65548
49785
19513
77262
40253
89444
15398
82742
77163
87412
87600
93446
14348
78520
47396
77147
34706
83392
9034
73596
28832
96992
96678
69981
84154
55076
26853
8369
6668
36868
11132
10540
72995
15675
47039
175
1650
79095
15209
4631
31477
767
94963
42240
14775
80170
34610
99246
14016
56333
63878
40617
36863
42912
36083
20186
18792
86833
93567
45875
22399
25168
40257
152
72269
70803
5487
74156
61314
21674
53368
65052
35106
5110
35708
16331
35671
63006
16855
66523
74619
89711
14887
67633
44125
93588
26324
84983
66846
52029
48708
42895
96609
83392
98466
45045
1131
10875
48791
55111
21086
60243
13956
23287
21501
94186
39749
34551
47357
35179
48482
39783
23293
82986
33421
53346
56630
29731
40658
83571
47578
58034
70370
66286
65770
16436
55541
19507
35226
48152
52244
235
9157
64845
50666
2082
48571
38589
63327
44326
82703
45876
31074
59613
89829
8338
7245
4473
19090
95371
62035
2959
54162
70937
66030
65976
33950
42202
60228
74759
23343
81939
76029
61959
69046
61219
97909
3588
60234
75232
43210
63567
40371
51057
53973
65220
40250
21177
81762
43489
14168
16162
9913
5960
59147
42418
98431
90160
92949
50288
84609
97494
27990
24844
41691
89698
3489
93622
91645
90150
61739
56217
20571
10465
93841
93560
27800
65888
91751
32006
9962
22037
57458
22289
74199
74859
35607
89315
72609
14635
29122
10061
73961
41021
60594
56852
85212
48861
1636
5186
98253
94810
88048
83532
41448
12200
31634
27624
26786
37748
10551
7084
4060
47565
82622
78746
45652
940
45407
36871
89662
75806
65173
62778
34382
54912
31799
51844
58218
11852
26568
43543
59711
66859
78327
7540
48493
86670
81607
83417
30939
43764
10916
97501
59680
26711
34019
39531
17975
24006
67111
35515
36420
43325
92002
46212
4887
64413
36500
84173
93390
31062
72135
44049
979
31293
11049
35400
35525
35124
29565
76898
67452
45434
88097
76841
72366
41778
26370
39161
96292
412
91024
17267
77998
8268
71500
79081
68033
7764
56569
2929
45604
57322
75725
10120
56164
60564
56222
68197
52615
3052
28841
61655
66878
17406
54854
38611
50411
14806
20205
84346
15603
50037
2555
28568
77816
88816
82565
92960
6075
75143
52215
23726
23796
57621
43597
23558
53956
92522
78237
49804
50911
12027
40902
75324
39688
27155
41234
8320
40198
71753
12753
86601
3214
31929
31298
19650
38598
20731
81900
31024
40923
3610
62512
27198
70165
26868
7210
96706
99959
79117
9561
26039
87447
88010
5704
79421
1812
8565
90405
82183
46142
30705
69053
40768
12438
6269
47150
66903
40367
36893
79619
51767
6384
86292
54837
17574
62713
80854
39625
17151
49028
57478
1231
46498
34766
5596
73750
94302
34847
68146
27073
29731
14124
39251
92710
84661
1405
86626
97362
74545
35704
79180
42721
16046
4647
-158
65990
3997
61848
53840
23936
36233
7210
5537
97515
58829
21822
34947
99610
86648
67454
68089
67388
9000
92699
4943
40556
85368
91490
67218
52861
52835
36973
75988
71718
43531
42712
95889
75225
13976
99278
97215
63004
23483
81664
73152
23046
3316
88715
79139
64186
97364
5499
10222
12233
9041
66128
18289
47033
85583
8791
57338
58361
83184
42421
90601
3991
79655
72448
85806
61003
19279
90161
23416
53850
7390
81930
4766
31187
47142
13627
6527
70995
47029
81980
12825
65565
86004
60078
35123
13083
48986
42523
96343
32044
49822
39430
35020
69436
56465
23325
18896
65863
30545
99835
25152
77138
2393
38817
44598
18917
92542
63972
61835
52760
28766
49139
94008
69175
58587
1255
21894
67139
6783
80133
19489
87157
99045
33066
71585
52944
39733
53776
97629
25019
74312
15459
58243
21862
5614
74753
69524
12801
4996
51851
80590
96958
66048
60631
1098
56008
32354
77143
93094
86982
2092
98317
35101
12835
20548
51655
62692
95146
63811
14861
79152
78599
78796
57749
75946
90557
52390
40683
66103
73446
49693
-53
71463
60613
68063
70962
66945
72977
61315
25671
66837
78273
37889
68001
27960
45389
20713
81499
87447
48763
25583
61210
73620
50921
15491
8761
98001
52648
68637
95711
79723
87345
73529
7943
29442
93577
340
10744
16203
79925
25628
70332
29832
29748
1880
16200
9364
20386
26482
52135
63740
76245
81906
29571
25244
94221
43415
90063
17705
62456
60939
61753
21371
43076
97101
54600
81850
59773
13564
27250
73655
76389
8874
69086
19072
65578
92565
41700
41939
68633
19772
79543
70574
10121
80952
98936
16292
37324
28053
93988
83034
68493
13568
99909
48326
98139
59153
39126
41967
46793
52132
3415
32594
42250
13977
72919
78120
69060
12454
29193
84602
81622
97644
79706
76675
96737
68586
37392
58250
3688
94055
31058
34377
55057
78022
7231
78495
53859
17144
83344
96708
98256
4880
63627
2080
7598
75250
90833
94414
17064
29011
37912
34136
57225
63037
63355
80404
79387
96782
53525
93526
6552
50241
53296
57690
57549
17765
79977
26102
76482
6317
62572
64775
73555
4284
40366
25083
90162
10263
24733
8447
75040
34342
7694
25444
25712
99784
17584
30312
26305
68392
99587
86692
39024
4967
93268
79233
63379
91387
74023
88841
63765
38710
33733
83464
18942
40839
49791
26128
80772
16299
17667
33520
44615
79513
58776
92245
67332
24244
60114
67972
89901
45718
94794
73118
1213
40975
71028
70239
21611
65886
67225
58678
39188
57712
98112
44993
33982
75399
44934
45372
80003
48358
75114
61790
74459
45988
60245
60195
83829
67976
51821
30505
71197
62295
60406
91774
27396
63464
90671
39997
17613
28012
59145
92949
25607
57156
98226
1884
58377
67323
33737
24405
10334
43858
84260
47813
44242
3696
55953
45279
51126
54749
73094
27780
51826
45776
91875
35264
34109
68534
38003
35445
11535
94285
16451
86763
23248
41541
96462
98897
31565
37580
5874
26790
5389
70223
90651
13616
83635
6851
41646
93683
76795
67843
43145
89160
59024
95482
30234
4986
38358
5080
95311
22559
53089
33574
72848
15194
65686
16492
27021
67670
59152
93721
50014
3311
50583
33526
31146
40049
13269
40284
60052
35864
54904
72232
8415
80284
49739
30518
81209
33109
46144
41172
4509
85946
33384
5584
80197
85023
25799
1071
58746
17295
52334
87426
45410
56688
36578
15628
30320
92148
46500
92119
52785
98122
22063
40418
62621
94077
55109
91802
55243
35276
53534
40072
13920
62903
21716
73905
43333
21282
94565
85820
7199
79878
80060
56724
45390
8423
81036
61891
51453
13463
98156
6968
891
55238
14111
72029
98517
81141
14903
98397
15022
35044
982
99193
52388
85354
82030
64107
58365
42523
94011
59029
20925
12056
65754
6310
15774
41668
55819
69199
60767
14843
29733
63496
96022
80143
52721
18855
87497
7431
60398
63419
80649
15802
73583
73835
54925
8952
40231
31775
46946
28980
37029
21437
77326
32416
38688
63755
72854
4703
90811
17634
45809
64915
21857
17815
44401
96799
20826
86140
1352
27967
73934
48481
87930
25839
3819
29045
51807
54189
49983
40130
64114
32663
21390
49752
74514
10486
77074
48121
95321
43340
61641
64824
40176
84857
86673
23627
28767
38246
79898
80292
74060
17451
76434
29919
35964
20581
58313
26732
34855
355
65396
75499
39063
87012
64854
33243
64964
89089
73153
79520
90507
85225
72707
73429
94037
55386
60213
97298
27271
32711
93828
22168
63452
5858
66085
21358
42382
39765
9909
58288
52346
97723
44120
24273
26743
35021
58336
57960
78270
43410
23166
79133
93443
68623
60490
26859
86462
12050
77015
52385
96451
97456
286
46556
4101
47599
2057
6930
86122
95582
85843
62467
37324
75681
2839
58243
33174
72662
88238
80513
18372
24158
3543
83046
740
54972
74861
99552
43729
96439
61028
75174
1670
18537
52400
-82
41633
28816
47019
38524
64885
8512
48858
18042
76202
1757
53454
17347
67162
75417
65901
71332
79046
13549
70653
93336
38104
81282
90081
22870
35105
48687
88328
70373
45474
22539
45042
95829
4278
45686
18770
23640
19753
83156
61933
20965
62147
84536
69961
15505
80211
12055
37574
67009
21034
32385
28216
94720
17404
44337
84056
62890
66647
97642
60441
71710
64149
67927
51277
42811
8009
73644
17624
6994
42489
86361
8548
51271
66091
96645
49972
44460
22648
83793
27577
88645
26810
58499
6994
30873
2439
92265
40000
47515
28727
47813
51610
50867
93984
7375
50182
20276
32659
32782
75511
87455
99362
69735
92607
76017
28313
56441
90152
51825
19262
11726
28891
90439
71372
20500
93298
25189
43776
65675
12408
80491
97027
74429
90825
41928
40560
55488
54322
45797
1690
13047
67772
78605
97988
86070
91129
76234
29870
10450
28449
27942
60619
39859
18837
31289
59903
98428
6050
13450
42116
99823
85171
7983
2962
11155
99431
69292
11858
43581
7040
66944
73051
29726
73855
86636
57193
66376
78395
405
65834
61767
14790
30607
80771
21976
50853
97227
78492
3941
74745
97255
83746
47266
80424
86836
60656
67426
29689
56261
24829
19019
6120
71970
-170
79594
71969
90500
34647
87872
62817
60696
66337
75874
72869
98650
67214
53870
91277
9127
38944
76162
79815
34122
23725
38112
18391
89032
25073
8679
58082
94431
1258
94738
7137
40213
22457
46388
33562
98534
97362
80194
1442
7983
52155
11681
87991
21910
43397
10487
20243
71966
92474
28552
67800
14363
65935
37612
90830
76077
51591
62412
76455
8398
19311
44779
74436
61141
7176
57050
95584
90033
62752
54360
51853
23434
43857
13243
32782
30429
85799
16509
65835
20211
50323
64754
54921
56931
88408
38358
76977
5748
93948
89022
55053
33216
96543
16143
75726
86381
11795
43734
85001
29961
55591
57472
36108
44585
73718
37011
87274
71365
23394
73164
6233
20799
31140
58504
99078
49191
43999
32879
64738
22104
52564
80775
67922
34922
81780
1883
64128
20342
33083
56151
97504
86487
23408
62422
11202
84502
70710
42327
45000
10108
68739
91162
21031
60239
48612
47787
75060
8636
90842
7881
30521
66062
38832
3683
8778
92503
60997
14350
13568
49221
82868
36201
95174
63289
80058
72442

